"","ko15","ko16","ko18","ko19","ko21","ko22","wt15","wt16","wt18","wt19","wt21","wt22"
"S1",42708.14075,38301.3086989118,62429.4150000002,96000.2061538464,38549.593448719,72848.399030068,42426.0039000009,17839.5273662257,49741.9599999993,99627.086222221,11637.9248643689,55258.5850000019
"S2",9186323.42755545,15385777.92,11478035.52,7918950.08000005,7514303.67999995,25442440.4795296,8524516.23665087,12256862.5005716,41646091.1221623,22769167.2159998,12875120.5352727,5538046.71999993
"S3",1591607.62200001,1039410.40000001,1131453.43078231,1038709.28,234525.626324721,608189.11600525,3881899.99193024,1262367.54789594,1422682.82400001,992948.679999993,394199.732638573,154543.702375717
"S4",15316581.6035559,10722128,7102245.43999995,6824000.95999995,2976979.28716343,3789205.06470467,10083426.8009217,7774931.00750226,10170594.5964512,4685797.10941575,2902527.37022284,2466654.06327146
"S5",75256.1549999993,37395.7903728895,56662.3900000003,45769.9899999992,29995.7724063757,26323.1259825984,41301.9149999999,32147.8667061166,45602.5349999994,68221.4799999999,8313.91657921834,38628.556386501
"S6",3284718.2541081,3291032.38064105,2889752.60725714,800783.339571416,526099.790000001,1395203.00340002,3322906.84845,3932157.44151281,1508679.82133333,1883523.63806897,558934.494222216,1554520.73344443
"S7",1105390.02971429,472206.44805,764436.6686237,222883.994666671,544355.492675678,528935.57277778,1144580.44479999,1101939.19815,254018.279999998,563309.598264709,515949.153028627,462527.544702416
"S8",48324144.8519998,44907228.9010529,38129952.9476571,24566921.4246666,24921665.1604445,21821538.1609143,50965240.320842,53262282.5877897,38461990.2028108,25434216.1316571,26140855.5638858,20137462.746353
"S9",13787716.820027,12413108.9897028,10942060.4217778,6795569.17439999,7044645.04442859,2140319.90400005,14474090.1912564,15057317.9443159,10747816.0695555,7323145.10141666,7503528.54360002,5878473.04800001
"S10",2309897.94836364,1677126.94304001,1954824.9028,1420245.15608333,1429363.99942424,1346006.87821621,3641315.97795122,1997674.00737501,2117929.82981819,634080.45866668,1600168.18435136,1261980.87459999
"S11",204543.844349982,127488.094543182,153539.150818095,101485.084289052,72731.5621638062,69689.7595552657,129571.044999999,210720.163157894,99934.1652779342,116015.572307693,109080.82067229,57944.0878798609
"S12",42881.8682873146,88615.3341538464,41311.3050000014,38368.4551864546,40095.5831111119,47006.3399999999,2120.42462102422,0,11778.4970509988,10243.4410242286,2888.5113429985,6788.54226587997
"S13",11275649.7200001,5131341.17876479,2443867.17226957,3293181.6048164,8335183.78852167,5624245.56799999,36141998.6104241,1961755.73508537,3310947.29081456,4292344.93764968,7706061.53527275,7808922.86763638
"S14",7094582.14283288,2660647.62285182,783086.955042845,998491.414750458,2340526.64399998,1560252.52631579,9219730.43514285,1145123.60905407,1011776.72951986,1255590.88323211,2221906.24133333,2241262.79723076
"S15",1081778.84868932,93781.8979450632,184078.264369487,213777.93070838,198805.079999999,401591.642831748,1837432.27365517,79476.3391290022,258023.42925241,228347.285108295,628464.047400001,357991.803076924
"S16",116865.777699594,135331.810000001,185802.358318182,61142.9850000004,44676.054999999,68908.4997857146,90516.0317142872,165598.909999998,61346.1611666675,48496.2199999997,41284.6999999997,43578.9900000001
"S17",159756.591067203,74678.6699999983,116725.824000002,184659.003466664,45662.3565503105,74706.0622882703,72573.7449999999,215239.145,80719.3623713256,93918.7799999994,60290.0599999999,58022.3749999996
"S18",379052.708000005,474758.399999997,216358.120000008,32035.6235549322,178701.089999995,137026.704999998,368609.348191959,692593.880000002,1126070.20003334,144180.319999997,366003.478133336,221093.810000001
"S19",52820.9491666674,130048.370000001,142251.253812501,32489.4026229473,17921.5589509615,13970.3699915271,72934.8617142869,78719.4999999999,15321.4882931069,23179.2149999995,26653.3771491677,14563.4542700221
"S20",256273.870422995,379259.92692,163210.720000001,57499.4807317424,83873.0450000009,90729.5558778969,233264.844434656,547948.08227586,129679.711428574,96573.5057559564,100605.632194157,37896.4749999997
"S21",81031.0049999999,105853.470000004,75672.116612252,41910.7000000015,61894.1849999999,66390.8825000014,36383.1648000003,218909.069999999,0,7208.28492763146,85046.7949999988,38189.1299999997
"S22",30267.1000000011,32195.1799999993,38673.2139028789,33100.2974506336,33140.4399999996,15183.1969873217,34597.4549999995,113696.905090909,30600.4449999998,13756.5973795198,28617.5899999996,32938.5549999998
"S23",194348.565656462,247542.309999999,164688.084998204,103718.53487811,126769.694999999,163163.513625001,143794.04643109,468625.165000005,180322.716367161,98702.1769213187,200164.596992534,122755.335314426
"S24",24773.9499999997,48558.8199999999,31833.6650000011,5216.9016584443,5696.47832345101,17230.0049768041,9871.49436108879,124148.32,7957.35270925668,17661.8856889523,0,0
"S25",207974.821528306,229288.181164126,181254.908,117587.175648797,518084.469656247,174547.6165016,215648.72207143,291715.745846155,223637.986134394,56915.9199999979,177401.846672234,180670.253511649
"S26",23216464.135111,6967291.95473592,1008257.8106355,1339456.27796888,3298220.08533334,1274220.85344977,13865211.744,6677850.14076204,1044075.27785768,1231768.86459533,906372.879999988,2362348.48266667
"S27",2491296.63730769,926917.7112165,412259.680498048,70548.6572615309,57878.3949999992,76369.6333222515,720700.188444459,1999723.37587879,259871.380000004,101901.783135751,237931.053688279,147280.861964384
"S28",47308.7611428579,78406.4999999997,21935.7128186797,19155.8962186228,21043.4304000002,16571.9469216598,40951.3549999999,4130.17393106247,62737.28055,24792.5278175929,31249.9199999996,114808.4
"S29",48882.2636666673,37487.6770483648,55498.0299999987,62329.2549999992,0,25549.3260330044,40169.9043900851,36401.7874287346,45795.0786706406,64850.4699999996,53352.0848020003,22418.2268268316
"S30",20736187.6296972,24361047.4206317,22068719.0266668,19638474.448,11713979.9270131,13006809.175491,18690013.3587292,24660681.1271352,21586358.1776842,18957592.576,12950057.8375843,62139.8899999992
"S31",76129.2657684481,134701.115000001,123820.886285711,63707.6899622595,126791.907631935,27590.523942043,0,157539.16,86884.807916512,42985.8550000015,127018.53,54992.9833248276
"S32",226862.399999997,891534.80055,438550.559999997,388736.609999998,709512.376000003,767440.734399996,934121.598666677,418753.155899997,1087722.52975863,712511.338846159,713255.344814813,400858.176000001
"S33",103574.899256115,149126.191142853,147110,47736.8056666673,43807.4800000015,103460.145749998,70423.2524722884,211656.860000001,146121.518896796,98206.4320519784,176281.601999999,145063.060266668
"S34",21290.2600000007,14300.3456890584,9865.29636865746,7927.27170611059,4056.22853966191,0,28781.9149999998,30093.7677142862,19049.1799999996,18499.4247522248,5508.21974800071,4168.74517951712
"S35",381784.879999999,878240.293411774,1511025.72012,797661.720000007,303548.193000006,300034.799827633,377503.039999997,342523.459941564,1419864.47963637,1815052.071,95353.4500159708,226730.409613468
"S36",46843.5799999997,27445.4049999994,56351.148749999,44531.9103658701,129742.82244,40455.2499999999,90321.4552500017,77400.0377333324,64816.0400000005,0,31038.4691666671,44533.2127499992
"S37",23891225.9260554,20321598.2933333,15875375.5216666,10695758.5772813,9888654.36384001,10252747.2235313,3827943.5662223,24658066.043625,15493489.6246154,11264623.566875,10888520.7114286,8307055.07039999
"S38",7492221.83145716,6212887.93230001,4882194.25266663,3275438.90456248,3088794.45525927,1873801.33415381,7138585.80893338,7328222.47542853,4987886.1703125,3297328.1061786,3390530.78232256,2790107.32846153
"S39",428722.359999999,1431309.08021951,1023810.91663999,210048.476624996,300185.377599998,376794.375333333,384538.581777786,748447.935384617,1009122.1392963,667271.430692313,133907.955428574,186673.791199999
"S40",8040.83629201218,84459.7085454543,49239.5950000017,26000.6476899089,32024.8014285706,35803.3866666671,34172.2919825378,140069.358000001,47248.9149999994,36207.8399999995,34533.3016636763,83129.0217083338
"S41",144380.639999997,116201.393666668,153094.559999998,78100.7328000007,181909.415600001,164116.143946629,87759.3323806709,137250.490285717,210534.755,131354.282480933,121641.129337594,124711.72
"S42",1879910.89279165,1757150.9648,1515713.59982609,737833.334999997,1383416.71600001,1135590.10516667,2076904.71787499,1593088.56,1810112.27608823,1507943.06947222,1533767.074875,1354004.93486208
"S43",189610.957374998,140059.675,101322.795000001,74776.0510909108,86552.3250000002,164383.223333332,216698.969647057,125815.045,223325.098464286,90850.3829999984,199675.189407407,93594.8250000002
"S44",11372448.6034286,6072752.8566154,16920644.0614194,8245494.8513684,10833677.0681905,7426692.59499993,7837720.31999986,10570956.5625265,4224848.95999994,6240202.96533326,3940895.35999995,13696151.2193104
"S45",2454741.69035297,1969469.04873684,1448559.07440003,1318086.97788888,1904882.4610909,811782.036000015,1248630.81142854,1464839.99999998,1209242.40666667,1540574.3388,334141.132800003,2354715.7341724
"S46",128799.866833329,183948.534999998,303480.260571429,149231.588571426,109490.529999999,152974.355624997,290483.120181825,163435.96681578,146061.449999996,97133.8125714301,86461.2370642496,209409.519999999
"S47",2977330.14015998,1916951.31818519,2777386.0937143,1488828.32842105,2230864.04525808,1561967.6987742,3139638.35815383,938424.080000002,1436120.80609524,1493501.26126315,1756112.15350002,1461715.09092
"S48",414471.028400003,348621.92316,305918.496857144,157556.4115574,149347.95,191744.162259219,564190.544076921,208431.334010048,195862.940981342,92926.5699999983,328282.558214289,111276.194999999
"S49",161250.222990365,1601098.06534615,65656.4450000023,178505.457999874,77285.9599999995,28031.2860000005,165809.381466668,1049818.45772728,1282022.96000002,417812.814222217,303607.323428576,66864.6249999999
"S50",378295.984551724,137115.91,185671.102833333,43913.8999999994,91056.7808977598,105770.525000001,510123.984827586,169455.069999999,107066.345,82276.7864933023,90761.1255325032,108183.754999999
"S51",293268.694967743,96267.1579581274,91920.2750000011,28903.985000001,73972.5313043496,115591.004666667,268961.563958335,151084.027670175,89833.6063636361,78113.8553124992,61639.4084444437,130229.64019014
"S52",149062.881081099,181651.114999999,185094.982588234,42719.9500000006,66326.1891163657,52149.9222222216,101249.38685714,194162.3455,287130.002914285,51536.8874300525,66239.7721760709,82290.1692183807
"S53",82845.1019999979,74601.9849999995,30831.686052034,31997.9899999996,125702.887636363,119103.666,48191.1456000004,127253.90925,86316.1413333351,61343.6444444457,187229.122500002,0
"S54",46778.9872000003,36941.061399315,0,0,0,0,31144.8778333337,43032.8049999994,31907.801090078,15840.3845339986,22996.3008000002,5452.7332443599
"S55",25769.2900000009,51432.1599999999,24539.2000000009,0,12537.8418749998,15243.8736106493,25920.8665999911,34489.4700000012,22936.0836107672,44632.98825,15116.0622005667,13786.1929867999
"S56",715015.377874995,646285.766357146,384758.145468483,580131.518823525,640185.674785717,437120.387199997,341739.762285706,190581.346500004,215181.240000001,217622.639999997,172788.802875003,1034399.06968966
"S57",61457.7590541529,66796.6461227285,74889.9449999995,77896.3099999999,70939.139103531,69358.3897499988,106137.950500001,52017.4699999993,89377.8356250017,74660.7822180018,69115.8341249988,215168.105400003
"S58",93824.4782222211,97560.5606999993,67949.5228999995,33153.063428572,67496.8849999999,50291.3788571437,127987.233846154,36113.9399999992,39614.8450000014,20219.521932331,48507.4417142865,0
"S59",1602404.51961113,791160.793777787,1168017.32117646,436686.069321428,348707.04,264519.42666667,1800635.13504546,573104.564999992,653917.95273684,144427.857333328,359431.624916667,262839.039099998
"S60",469253.286499998,157537.595,270258.285000002,58706.2799999992,191188.225000002,150113.531555554,284626.55,321991.5924,205895.148800001,72812.0688749987,118588.844888887,161393.754999997
"S61",109134.530722222,39222.0299999997,80482.9564000005,10737.2980616653,56873.3172631586,15362.1462842619,63392.3628571439,30988.5649999998,0,8660.25356473114,12273.2672116235,9716.95666274175
"S62",305455.466666671,642582.74000001,794756.639249992,228565.120000008,190103.973860694,264309.72,453686.53671136,599264.81066666,244740.959999994,277343.039999998,135741.771106169,469006.78960001
"S63",149113.927636363,38953.6864829633,158405.406382984,70007.1449999995,95893.7913846156,67690.9450000006,163076.836,142090.593428574,120869.380125002,82398.8149999994,0,78249.9999999999
"S64",92370.8246671908,329113.24,235739.788545666,127650.789999998,168673.282836142,114579.83154226,211764.206122089,267915.480000009,215243.84,151712.664999999,21636.8343258157,322620.074409092
"S65",20839108.374,20892094.4378823,13473088.1950476,12934464.1750588,12233706.1546666,9839866.16377145,23980463.7555,25473440.5755428,3404037.75999992,6300464.63999991,2772174.64319986,9976168.56516132
"S66",4586723.02147367,6066059.88018747,5355428.9565,3970988.15717648,1478699.64,574329.959999987,6881575.30974192,4430400.66000004,2875092.79999998,2276812.08000001,1302162.82311114,2407004.8526087
"S67",969441.076210524,219257.753662501,314302.014000006,294533.000000001,362210.079733329,241841.015000002,514215.043090921,186435.32,192342.872032367,0,0,153604.040000002
"S68",143516.760000001,238531.039999998,229659.812470591,129203.767130643,82625.7399999995,112922.781552191,76906.969834888,76861.8450000027,135325.747461388,206408.114818182,60959.8799999992,108886.440000001
"S69",208656.755000002,282045.865,202011.22523077,70838.7614999987,137215.923818185,69606.257777777,136800.859666668,101958.089643493,200188.792714287,73051.0699999999,98823.4900000003,75924.0295871637
"S70",20008875.0568,15018549.7085218,14373408.2222857,9388010.40929031,4101451.8399999,2943401.9200001,14494367.2522105,8283632.64000002,6692535.136,7941969.04327275,6988839.28,6400895.892
"S71",4711268.7984762,3623970.34000002,2566247.11000002,2548893.05999999,1280207.56000002,2135875.0029091,4546567.8576,5820114.65811427,2376469.59247061,980901.206999983,851059.519999988,1395087.95
"S72",451649.610000004,256647.480000001,665660.320000001,186845.450727272,518593.824692312,172973.369,466853.487199997,340356.19999999,158670.720000001,133546.006333335,18873.9264401519,111940.685241056
"S73",57638.9500000003,71185.5899999997,44750.7303750008,13911.7280601045,18365.0997044953,17294.60612185,81019.625307891,45671.3950000016,58025.5050000006,32565.8120926475,23179.2149999997,20505.2200550547
"S74",17948820.1166668,10333047.2191999,11117259.1999999,9309174.9461334,14020819.6340869,17169005.2430769,13245759.3600002,3491277.12000012,3913651.83999997,14727962.5021819,5403687.33439996,18285145.3724443
"S75",3655698.1608,4234138.74699997,2765945.65449997,2210004.73750002,4361991.23026668,4157253.48562858,3862195.25200004,2768592.41706663,875122.959999994,2231643.7392,3845239.02841026,3530935.67999999
"S76",649691.129142868,1130295.00906665,1195134.16000001,1935212.71513044,342234.200000012,401992.159999995,863422.910999985,350410.650413996,310170.479999993,902572.514461541,336913.199999995,499923.600000017
"S77",6935278.72000009,7350507.0582856,12388547.4027907,6117772.68553851,8369459.00307685,4713514.77942859,11405593.8868966,8788715.28689652,8216400.53228571,5403887.31046158,2985168.64,8031198.82529031
"S78",1638066.72000002,2538430.28815152,1264119.36000002,800251.583999984,1158523.57013245,1247078.93680327,1834569.97150002,1913366.07288888,2540310.22865454,728755.937142861,1219298.91188501,1197379.7872884
"S79",118646.085172334,35966.2666656762,45814.785629606,29368.4700226686,4678.21024939587,3631.47553677193,130545.883076923,34866.635,74828.0553333333,14967.8354018776,26963.5397114508,24146.3849999997
"S80",120595.770000001,46110.9438333339,92408.3291666666,56465.3356610351,32782.0549999996,62261.3144001227,207908.906227273,94793.689311455,63132.1984216666,34569.2849999998,22935.0750000008,62088.8503734634
"S81",191228.915000001,281795.122928573,282998.163809524,46956.5183999977,106127.345000001,136082.580923077,175300.41822222,176780.834999997,309240.316137931,119894.081337419,138237.48,115906.297272986
"S82",12929.19740685,20343.4350000007,19744.0399999995,28509.6049999998,12551.9745477263,5469.44796764476,51444.6799999999,9478.58883765087,15602.2833516142,15704.4906521969,3152.46811565776,7901.61972602387
"S83",1566759.78000002,2023338.40307142,2034991.77309089,3555082.9313111,1459030.71999998,3027647.112,1286530.16000002,1839449.67162068,525821.556000007,3223142.53863829,1272695.56000001,3058628.94311109
"S84",0,173691.927461431,66587.6199999991,130393.838511964,154590.691047619,76735.0799999995,255111.416437502,122821.2,127955.20152381,96337.6897777797,101112.878328168,64500.2817142841
"S85",189342.448284256,627974.676263492,673229.24727346,273347.86704802,479783.50646154,476198.311937416,8109.48827249591,6579.19129537224,57753.276749999,69983.5597848296,197470.386285714,81977.8299999999
"S86",18386548.0564849,17834308.9711963,15970486.8710303,14737535.5090296,19209625.9841951,18677919.5001905,17051094.864889,17929971.3183341,18061602.6634379,14967198.2112572,19015208.9642927,18301276.476
"S87",5583258.55422224,5002577.99293187,4231640.23979854,4007232.51573116,5594616.43755004,5508598.9608,1797343.98640004,4845683.79921825,4811234.38625732,4068746.44439596,5447069.3715122,1549600.4
"S88",1110931.83835715,119381.681574173,197945.528245419,253161.463946618,1593754.8923721,398980.529999993,526541.532785178,124763.634335874,236462.458363636,177765.220000006,585996.006041781,496641.536612391
"S89",285766.310390054,108723.680000004,319835.919999998,64396.6199999999,442023.186396959,255190.542296884,290746.390802173,708533.927095639,437381.139137314,575230.102766667,404958.562400009,303502.015000003
"S90",87514.5155673344,15031.6208123612,120940.07,70558.0454626467,162788.169999999,445855.802111109,196595.3,6122.39786748848,38846.6103214602,96823.1612497398,141186.475000005,226404.742386574
"S91",12967.9252746446,17612.0433651465,63513.9009616428,45600.9918435193,119001.035000001,60131.6532844623,14395.197925899,86455.295000003,25289.9833784976,61847.4891182334,107564.014999999,60099.1299999996
"S92",190566.919999997,413244.626823534,19179.9190588237,54981.1966000012,230283.061363637,166461.886631581,10719.8218749999,31474.0229999997,21891.9621176465,7039.10541176478,7131.4369411763,21178.2991874998
"S93",154046.871333333,382738.25655,287770.101636364,66296.4012307694,49500.9500000017,94766.5413333322,108590.655000001,272320.955000001,137494.453944444,48346.5354999988,25406.5261538462,96555.8050000002
"S94",110766.276249999,128705.006333336,36320.5200000013,35457.252444444,27765.2602857136,38181.3050000013,65910.4726874994,105623.414999999,42627.4699999997,7256.13216666676,24741.9562857157,16549.8750000006
"S95",37035.7249999991,85599.240000003,117381.787944444,0,1240.94587500002,13364.0325000002,72691.5176470596,47270.8249999989,33696.0149999998,6132.74512500011,8498.911555556,0
"S96",6002544.98000009,117812.367789475,0,9938.78574999976,11531.8709166669,23450.1627272739,8412090.6080002,80004.3649999995,263081.194999998,21426.4149999992,10283.0674166664,34001.1900000003
"S97",368604.450000001,35323.5202857163,22798.9200000008,1331.6934285714,740.177428571471,11185.0549999999,647507.794999991,30730.3399999998,20207.2799999999,6278.2068571427,2182.97571428584,0
"S98",545754.624999996,1790660.10092308,2685627.63999998,5294165.87657145,7777649.3599999,16119739.7195555,287969.389999998,1638843.27771429,3705243.91999998,3626392.96000013,6164848.00000002,7006181.994
"S99",47565.0450000003,78781.5341666677,188391.570000001,236231.044399998,1595859.75481396,241139.895000001,14626.4899999997,120475.391399999,249667.579999994,242620.385000001,549405.091999996,436214.310099997
"S100",5505726.38060489,7721033.92,5917540.43999996,2437460.88906328,1631817.17961719,1589600.83925998,5338027.19999999,3771083.8533024,1825315.84000006,4435763.62666661,1104154.55610913,804309.839999999
"S101",105853.470000004,378072.504842104,148543.539999999,119470.433083333,102552.885000001,82457.1253333324,184205.195000006,400497.584999999,358582.414719998,151048.155272727,60820.5949999986,10989.5822250157
"S102",18253.7808333336,13940.8763515042,27617.555000001,52068.1553473036,8950.05273672807,32581.7349999996,23170.4202795482,24434.345229927,60487.7258208808,74254.7165609154,73880.5200000008,43630.8674703022
"S103",8623226.77536359,15941138.9165482,16325294.076,14271045.3992727,8693351.90536338,7752806.85944249,6146129.26405528,16915367.3115152,17104240.6503784,3872486.07999997,9333499.41474797,6869710.35818643
"S104",57640.5757087589,353866.845000002,430530.37426667,161693.292500004,107171.3752806,66313.8776918176,23580.0332188989,425151.53145,231423.593142861,178891.196233398,75129.4211032994,83601.4764391827
"S105",13645.2759725325,66261.1017568349,85434.3693673691,51302.2649999999,5782.48020890527,10663.9579900353,7714.55768926492,65399.7849999996,67243.3549999995,52716.7863000011,13337.9784030581,14382.5352268207
"S106",1801322.1834621,4632426.05483968,2080520.09099996,1678948.81305464,4005132.7164,3719333.5709091,1525423.45296692,3632302.39999998,1862716.78991424,522697.2831972,1806786.23999999,2542511.74399995
"S107",176800.273863319,221482.38710111,245483.204834968,184544.799999998,171871.430000001,138431.636000003,135908.948718624,100225.476199332,0,292808.369999998,116282.198666665,90760.610000001
"S108",1014048.67542858,10183243.7346667,7200951.54599999,480968.319999997,153751.860000002,232869.904666668,1306080.84053332,6998379.52000004,2766918.90857138,1310041.73672727,156525.040000002,359358.429999999
"S109",6049.32350000001,211200.13090909,44014.0600000015,18826.9499999996,82261.0950000005,23946.1344000002,12516.43525,92015.7399999965,33839.9950000012,19584.4100000007,34857.2449999987,13335.3650000005
"S110",242119.267157894,691546.71015,568122.843157893,245806.283157894,226131.764842105,372152.920695654,310543.460947368,1976871.25270587,1382499.54442105,509918.367888886,246084.843789473,527106.575821434
"S111",37902.7349999997,206869.490285714,84704.0599999992,41009.2599999993,37994.4278181817,58246.170000002,90172.899166666,258889.170545454,176956.115000002,42614.9499999994,43626.5356363635,70532.0459999988
"S112",0,241494.639749996,19739.3450000007,0,4995.47999999988,4705.95499999989,4585.45000000016,114849.234166667,32659.9850000011,4416.4299999999,1153.40499999997,37735.2799999989
"S113",6288687.20246155,6839212.75999997,4826548.27323078,3337955.88430763,1410280.86549713,2525607.023453,6029586.35866666,4811097.96000005,1463843.01767978,1954535.06160004,3499740.64000004,4357560.96000005
"S114",1343537.29533333,1517167.33999999,1051184.43042858,719573.844920443,308716.769970331,551257.745931759,1559236.97599998,730416.800000025,401893.026956465,641521.365599995,688650.952435268,883021.916619844
"S115",3865874.34857137,4487743.91999999,3152329.77899435,1616020.35942855,2647529.28000004,2258780.3417143,4085377.48971422,3349688.44000005,1812512.78578244,1470129.67199998,2092743.04000003,2274345.64000004
"S116",883892.909402783,911319.56634783,744529.552799991,334945.044490603,293967.612410359,309951.349771927,846013.661499996,739082.204999999,338113.403420257,214893.279999999,358191.095020737,417000.31606113
"S117",392979.822208384,251493.935000002,328746.035677513,84406.710000003,30825.5838249743,59521.6706214319,529075.312941173,130054.510723237,200209.295983414,144819.975807692,48404.6010776616,146995.755000002
"S118",135221.87323077,7133.53721422344,77065.0653999994,42877.15175,10614.2206240154,9574.61368237071,118079.222166667,46228.5349999997,59474.4637572765,32312.1284170665,20477.3780936875,22560.0133008528
"S119",84515.2645854199,39813.5999999995,48287.914795752,35392.0614974521,8693.60389278256,34021.1611919708,112211.211499999,82794.76,88623.9755625008,24341.2371713539,42829.2237591502,50837.6437059217
"S120",142735.452888888,149457.647238095,78216.0999166666,56483.5628337443,34161.6764894942,31102.4074750551,195994.008421052,146186.65,31878.7401764694,51548.3263650676,51119.1599999999,38832.8232346619
"S121",527909.756499995,643509.219999999,519725.038153847,587821.826298976,577618.025000008,413148.171614771,456743.182714288,470905.369999997,300548.478963806,564758.978579283,487054.097860429,720831.175000009
"S122",3533782.51999992,5064963.07093337,4146843.72705887,1567988.08320001,869439.747555545,2155368.06799998,3235168.00000011,4255823.43999998,2707412.44000003,1473228.39999999,1269202.48,2595245.76000002
"S123",66819.6035295908,86613.0234545452,71075.881971729,18567.0854128526,36822.8850000001,27572.1699999994,76343.83,65284.6197101312,65235.7730920331,16169.8529557975,29636.4640057041,49476.016671259
"S124",10541.1264672122,72195.73725734,39043.6439963911,28407.3792000003,65356.8289999977,92139.7470999993,14209.3340991544,75477.0827517704,54374.3599999996,72824.7230425256,109215.755999998,223910.002038461
"S125",164284.309999996,729906.977264704,454112.537785712,164694.34,171353.812499997,258703.890000003,151349.585,699780.557777786,145313.380000001,396621.821647056,173330.88,395477.79407143
"S126",192238.34,117575.800615385,165325.034999998,147082.910192307,115114.176615385,110730.010000001,305401.924999997,192048.924923077,74910.2899999995,82510.5692307694,62468.5993846155,176860.208045453
"S127",43045.3249999994,25376.0129999996,38325.2849999999,14727.0386249997,30155.1412499995,23113.485,49781.0849999999,112528.46275,92063.8343478259,9996.42150000019,28576.1823749995,23010.1949999998
"S128",63261.9950000002,120443.238222221,60869.1100000002,70898.8559999992,62813.0751111104,101615.450000001,25573.6650000001,251358.696312498,25454.7249999994,77033.2204444435,55335.544875001,114370.200000001
"S129",20442.0299999995,59661.7434285699,39666.4900000014,0,101380.885363635,28949.370000001,5078.42499999981,66838.0199999991,13800.1699999997,3446.13000000012,23190.3360000002,33824.3449999995
"S130",135214.434999998,229982.398699998,177960.844999996,54064.4792727285,58372.6739999998,83319.0350000005,73428.2350000002,554482.761894735,213675.468190476,83259.5650000005,69509.7281999995,104376.811833333
"S131",28601.9399999989,306575.616000003,23870.9449999994,0,0,3522.81500000012,45087.6500000016,66584.4899999991,55058.2649999993,12299.3280000001,19283.0304000002,13638.9750000005
"S132",190685.86,315639.653777774,551393.320000001,1435616.9175814,27501.357333333,33871.295,41247.1400000014,283966.12,503291.479999985,237573.062999996,27941.0911111108,25783.375
"S133",57776.6699999987,206855.440000007,83725.9349999994,10651.8205000001,0,0,15189.8899999998,144926.824999998,23498.4749999997,4854.11300000006,24766.617166667,10072.3400000004
"S134",7065710.4023571,7801696.39227777,5474207.51228571,2088876.76942857,2693564.57361289,2576439.35249999,3746133.25892857,13131367.7315294,1348779.6,2203507.27342857,2232307.2112941,1891235.8152
"S135",1556362.2891111,774850.279999995,1206271.69733333,455657.049166672,754794.292640005,709293.890208328,535388.285647055,2967197.26444443,265236.17411111,218234.176941175,467844.64466667,589309.564499997
"S136",0,235513.676000003,36760.2850000013,25226.8995000001,0,1006.29499999996,20720.6000000007,77982.3850000011,23819.3000000008,29395.395000001,0,5541.66499999979
"S137",216087.528888888,1608834.64658822,122073.129999999,125571.435272727,0,0,158193.33,424538.706666662,140696.629999999,87451.3067000019,0,40601.5663636362
"S138",320488.245437497,97531.3401333321,111290.280000004,869191.326500007,3079271.18099997,2350692.59999999,78658.4649999997,544721.99466666,276782.670937497,454335.149999998,3149430.576,4352910.22303031
"S139",122633.400000001,674094.38775,126777.519999999,70503.1619999989,31362.7335000002,9311.75000000014,24576.7599999999,135523.587500001,32760.1449999996,65853.9596000005,42486.2457857145,9541.3985333334
"S140",34135.7799999992,39105.9167999981,37923.0799999991,6209.12640000005,19940.246399999,15067.8199999996,5205.18999999988,73251.389999999,34279.7600000012,12698.4100000004,36804.2951249993,9660.74499999978
"S141",32124.755,474079.6932,30961.9599999996,28146.525000001,0,0,43480.394999999,79312.5596249986,30977.6099999998,9039.43999999999,0,4070.23987499993
"S142",39673.0631111106,109747.189999999,0,8969.14700000002,7782.7449999999,34449.1582500006,0,7920.46500000028,33311.0250000001,0,7344.54500000026,0
"S143",0,224384.581333336,31182.6249999998,28564.3799999998,0,0,0,66708.8450000009,0,0,4536.93499999994,5844.6524999998
"S144",68589.2549999991,91295.8399999999,42255.0000000015,67428.0250000002,27406.28,44007.7999999999,102125.144555555,148347.020250003,24863.1550000001,83735.3250000002,6231.82999999999,83590.9278749985
"S145",280524.980923078,133480.415000002,372108.715714284,55286.7550000001,17238.4750000002,21448.8356923077,164987.289428572,243191.610000003,80613.8824615387,135273.990642858,10576.2700000001,22848.9999999997
"S146",79269.7621666677,46140.8949999989,55358.7450000019,62038.1649999996,54400.9649999993,25041.5649999994,40305.0100000014,67791.1049999984,0,44107.9599999994,82552.1849999994,34480.0800000012
"S147",8577135.9584516,5039477.58195456,5531913.68399998,2128443.15496153,1192285.57561905,1475041.647,4981619.79599997,9120381.28609525,1786785.36514283,1306136.48000001,29589.4549999993,1522099.28990476
"S148",2492922.28649998,708173.455000004,1594332.3206087,505815.825,98042.5550000012,151145.496214286,1137256.08238888,1544930.44000002,382017.285000007,200169.759999995,105199.300000001,216788.793846154
"S149",511052.23446154,234542.104714287,208908.720000003,109031.985,27800.6599999997,51918.8749999997,332704.236159998,203149.520000007,117401.605000001,69974.2799999999,15779.8949999999,58083.6849230758
"S150",172292.105727271,103516.107666667,79547.3849999995,34681.9649999998,6224.00500000022,15728.2499999999,23019.5849999998,85441.1750000002,32433.0599999998,36977.8199999998,7746.74999999995,29765.1477142862
"S151",113104.115,1338961.25672727,158341.078888888,92680.8650000002,3633.93000000001,3380.40000000001,58396.958666666,417365.089599997,226827.969999996,78467.6716363634,4500.94000000001,34328.9675555563
"S152",29349.3888000003,43327.024999999,0,25917.9649999997,104474.126166666,3569.76499999992,49730.1626249991,63247.9100000002,37703.9799999995,7034.67499999984,32839.9599999992,24179.2500000008
"S153",93821.4489166666,170905.825,190366.496181818,76437.0119999981,33410.2090252271,45443.0199069533,46860.1752504996,101053.614999998,94497.4929166666,44045.3599999997,28218.6395000004,52495.2967499991
"S154",43404.2518395212,69291.9399999999,46928.0899999999,27793.2537334003,11482.5643412295,17319.7666678308,36296.6919945267,68748.6986666681,55343.094999999,40193.8950000001,26720.2068103751,19289.5092030193
"S155",182666.916631578,98477.6249999999,54543.3800000019,78952.6618125007,4370.21529949835,57220.5684999996,2595.08544377734,13290.238084648,1166.16407710594,2472.10317496055,1577.55602888308,1244.10243799077
"S156",161520.519999996,203361.408000002,609762.629272729,142551.154999998,63366.8806419148,103897.219999999,141797.387078124,374923.919999999,252860.493484574,129076.842333335,45955.8152677504,70997.804206715
"S157",38062.3649999997,39610.1500000014,66659.6100000006,36585.5373333329,8162.9769141664,4956.4585212931,0,11908.1805699594,24771.5310042631,19086.7399999996,10422.5445496531,11558.4810346836
"S158",697907.333396072,1499189.0005228,2507839.1318272,2868512.9111431,4254535.668,4179928.6807742,572841.618323434,1689396.6672943,2433371.50058362,284366.759999996,4225374.05805131,1159858.38769231
"S159",1648388.60200103,1119150.82243918,937032.00213334,432558.989290629,173679.746141948,124172.368444447,2249558.03532706,1655251.09136842,812958.858947366,418159.415333338,279640.903764709,136096.619250808
"S160",494066.403789472,396101.3646,308691.551444443,114675.528416667,40148.5384383684,46485.4893903752,611340.147643274,407641.727822672,252481.20825,112603.913288591,75611.4781212743,46866.4038503281
"S161",770167.340272729,1794403.96,620869.761428574,722512.940777786,134730.065499999,106002.76025,131322.279999997,473907.040000001,1305232.88524138,134070.419999999,571318.677391307,140051.85
"S162",6574112.59846688,7798941.9427123,2537972.90822556,3301682.75781817,2278865.35999998,6643876.64481818,4372620.69755671,3535422.08000008,7640517.45329709,5104321.40511586,5690718.77657146,2395025.92000001
"S163",488669.139692309,611539.624956524,622268.398148147,140372.674999999,143587.185,220250.246445342,187544.904999999,369670.214999998,426041.949583137,523675.405866667,151229.080000005,77938.5649999989
"S164",67841.7843333309,183061.180000003,109328.645666668,60147.6449999992,44327.0599999997,81523.9799999981,190585.406000001,99740.5799999999,129063.985000001,183234.650166669,65191.6400000004,63091.4100000022
"S165",91611.7253333322,84283.0749999985,27538.9152000002,41653.3886438506,0,0,0,63524.9150000002,0,24821.5485818622,0,3867.58121703974
"S166",36345.6096000003,46274.7151616087,99808.5364224142,136066.866341683,367211.600000001,272144.137323555,30520.6299999993,73287.3850000026,0,19538.6591482753,125963.719999997,184374.086378635
"S167",4281531.25286441,5360205.86228574,0,1902377.27376517,1170414.33785931,2526460.39500553,2105863.99999995,2935621.92457135,11050289.7285106,7248519.58023524,1148365.79632102,211957.093879492
"S168",144128.675000005,146022.422500002,126062.315,41812.3902326193,176690.039555553,138425.815,0,234565.826285718,161446.965000006,136871.77,182066.946749997,109438.884999999
"S169",40589.8400000014,66440.5902293485,22736.3199999995,34641.8210142128,26091.4752000002,32456.5349999996,53435.3600000019,17620.2342560348,29256.1100000001,4044.27134119736,86710.3900000007,31676.9211666671
"S170",1518726.07999996,2221248.31999997,7001756.87200002,10224996.4524444,2425975.36,2975782.41828564,3632745.58577773,3403937.59999998,504994.366063899,2557837.64945454,1586434.23999996,9331606.60199999
"S171",70434.7131666676,86521.2111462474,35432.3787586011,35888.5800000013,74535.4438483675,90934.9892908686,74727.3869372034,82985.6899999994,58457.1480808358,43581.7158586708,97313.2649999977,76609.8799999995
"S172",115273.204999999,135776.269999999,95040.0337142873,174619.630999999,78223.3949999989,105683.355808425,129767.58475,279879.904999999,67755.1845714297,313540.050162164,384284.455902438,126837.015384613
"S173",62785.9344117967,45028.645938141,54448.5096968149,126047.120842105,29634.8399999993,54784.0872905978,65010.6406999995,27061.9799999998,53852.4126343023,52852.8387653112,65603.9855935706,67354.4699999999
"S174",110287.109333332,83369.1149999994,214868.633777782,167345.971200001,154440.460000001,107968.070399995,113082.836571426,60906.7380282202,227033.41525,242889.150916667,73376.5899999995,284030.285000002
"S175",59929.32699473,28742.5781120622,89439.7499999999,71060.3899999987,52328.9049999996,60637.4899999999,66367.1562857154,23184.0506459137,33611.963866006,45760.421166665,35151.2427872282,36786.8900000013
"S176",162113.768197124,152592.195000002,64899.8976666675,75003.8965714289,34796.21,80897.9799999986,106676.659999999,138579.185000001,93355.3799999994,27875.780000001,72102.6799999995,82226.6650000002
"S177",112785.857296455,225163.614069388,136162.757862799,89950.413837981,98408.0492951273,88444.9965345188,173584.547247259,135765.315000001,131597.159312501,55520.2866666674,126409.203409091,68199.0740328178
"S178",6302643.99242104,6237355.74437505,4589510.89636365,3329059.73780768,3403075.03672724,2452062.51105881,76066.5483333343,616295.229480001,446484.652959998,339724.083857145,307779.160000004,198747.5465
"S179",1563183.98476191,1406294.0795926,1035347.06556522,765244.061249999,819143.123192305,559372.177277775,58751.665000002,141622.824632376,113166.558045455,43896.7046666672,84041.8368269626,31443.9799999996
"S180",111952.275,63988.1550000022,86229.9349999992,43921.3466249992,46538.4049999999,33908.3941809061,11234.2908730155,4277.0857679988,3653.83043975052,6492.08117582341,2361.06680518579,5249.44323901954
"S181",879852.035718753,380619.031666667,746469.268322583,120555.901636366,89796.5699999994,88503.8436666678,96178.6400000006,227863.999999997,309647.694222229,162120.722631579,130283.12,384218.096266667
"S182",75207.0732307694,43178.3500000015,35444.1199999995,15941.2483540591,31854.6484273288,0,128371.06768421,56875.108411952,44547.7249999997,15183.9155762631,25431.4593514362,16165.1249396766
"S183",243736.97559091,136912.459999998,133997.008928572,34798.1253749994,22049.1627670507,36142.1856000003,394625.755629633,67387.3350000002,84116.0510000011,61182.0818549315,61764.3371733311,68690.2547064128
"S184",377174.8593,137505.594999999,225364.466285718,177960.729333331,147560.719999999,161127.080571431,0,205866.35357143,264849.776221319,117902.377125002,107096.94345703,0
"S185",1597094.6631111,7505465.34266665,1004952.73479999,1890245.51854546,409091.000000014,132167.834285711,1023873.18903571,5093790.7039583,7746464.36224005,3084153.78599997,4534857.1047742,745987.950416666
"S186",167486.299999998,1450190.38915384,125429.028545454,270577.401407407,72919.6099999999,40595.7812730683,81347.5337142837,916398.713259253,1627876.78387878,642459.947225808,823334.223935486,74689.6250000006
"S187",73353.1201333338,330591.140689655,23667.0548143366,41247.3631137847,18205.8644779811,8661.74864422832,8874.29625389092,194400.689124999,169105.641272731,107674.8198,86375.4800000005,13613.5324569189
"S188",61628.1349999999,122903.880000002,9096.4058390979,18087.177141788,2379.11944818091,1411.48084178135,9402.66862836951,36484.8450000013,82267.3550000029,35055.9566531269,28454.9293333337,8008.8464274099
"S189",47129.9750000016,27146.7286666657,51206.7999999997,34340.7949999998,21013.2549999995,11499.6199999998,197297.985000002,54461.9661818194,48086.1899999997,41486.5850000014,25728.4416000002,53480.7449999993
"S190",75922.8450000002,15820.4650000002,93984.5099999987,64223.0399999992,10328.0571428573,45953.0950000016,57845.5300000001,70792.774999999,89716.7549999988,42902.9099999994,38732.7546666672,39156.3000000014
"S191",4646162.2509091,4731981.49270593,3294900.92000003,3411751.54250003,5306768.17685711,1719913.04177781,151867.329998999,229253.719999998,616802.095999998,778737.33819355,386918.079999999,1068044.37918272
"S192",77334.0161097474,200605.102583333,393676.835545456,137786.315199999,18051.9231052124,77042.611714287,3924.94890125335,12727.4718438208,39427.0449999991,25215.1756978105,3694.53704930234,10394.0154351445
"S193",81550.5849999989,119119.807833329,280284.254799997,59282.1460000008,14966.5920911549,50234.9349999999,66618.0669308458,38455.1799999995,120670.889999999,118200.204923077,30910.4054431274,35458.0979999991
"S194",24664.9030000003,48236.4775999996,233299.244999997,93496.2300000005,39577.298559841,30082.4299999996,7900.38285406366,111042.950666665,80846.3350000007,239878.262526315,43671.0784884781,36462.7212687568
"S195",730398.296199995,1020304.80738462,708394.120000002,668009.324307679,457267.960000016,454727.07710001,706966.840000002,1436399.38007998,1123768.60941176,1203025.57845,1122925.56012,913874.118666673
"S196",213071.762181823,1931395.44421052,121046.49,76040.2200000026,68947.6399999999,64257.9237999995,160572.35435294,154149.805090909,103132.703083333,121770.32445,151694.253538462,82760.3299999989
"S197",1558589.76000005,2297349.14181823,3405469.34577776,737302.800000026,576157.88000002,1268760.31040001,2877271.28000001,2007607.03999997,1220387.00000004,2579405.89986207,944471.026,621718.160000002
"S198",731509.833090911,4062409.16618177,211929.170000001,46279.9458333339,40627.4000000014,199510.650220186,491909.234999999,834242.485999998,221164.235,143732.579959007,136486.024062501,124345.596152314
"S199",45278.5800000016,310238.532545454,56804.8049999998,3079.63885714291,19192.9728571424,35292.3149999995,44851.3350000016,101881.5,29853.9399999998,10975.3449999999,33721.1065714277,23232.4249999997
"S200",176308.204999999,141136.343368421,136180.040000001,28479.8699999993,52954.7657142844,151843.036434781,124348.639999999,122509.952793693,135439.794999999,31575.2070000004,128607.964545453,103259.884307693
"S201",4249951.6312258,4310373.45164705,3046126.23410526,1464667.27418181,1028479.19231999,1132805.8022583,2073115.65107144,4461657.1566875,2863485.26622221,2793259.36960714,1114253.29963386,1397610.02577255
"S202",475421.960000001,436071.599999999,549670.7195,718986.846892857,164779.465333333,180224.320363636,246008.403818181,702860.279999993,645249.083076925,618122.911578955,185472.358416667,302068.474999995
"S203",402192.480000001,412966.155700009,723937.7,259682.014999992,28756.3982222228,17146.14,542510.06074074,380224.644881141,160953.989999998,278925.255000001,24720.5497777783,46412.3518024987
"S204",2117182.08,8389908.16811114,2519779.06036363,109094.507454545,252133.113666667,188710.830000001,1984695.44000002,9075907.56831577,846697.865000007,136228.466181818,138029.253833328,272840.535000003
"S205",57299.3449999992,38987.8224999986,55610.7100000001,16701.9419134295,19275.7143982047,17584.5861266951,20228.0127382933,74852.6658749987,31165.4099999998,5170.20963008784,11527.2703569194,0
"S206",307384.349804254,340118.445857137,301257.805000004,170258.524022276,48453.6115873479,104079.320815459,117579.026218294,464458.891764703,199945.046999772,147180.424999999,139779.54,51961.8556666674
"S207",61736.1199999992,98413.4238749983,104867.520000001,77107.3176999994,33293.5421934277,37875.7510105027,26845.8642829275,208902.363428572,38478.6549999997,59005.0101186896,46458.9436004929,30863.6204668573
"S208",32921.6438020232,107570.2244867,77751.6043366398,22191.1382594939,6566.66274546178,75528.4649999995,32382.3287765051,262936.556999995,82838.5800000029,70641.3653468376,78559.3278333344,7240.98679871354
"S209",223236.294999998,206073.395875714,89095.4499999979,52727.9800000018,158329.485,75345.5596156902,75722.2543557144,452798.31999999,150535.785000001,63050.8273090109,108752.595710014,74340.90837656
"S210",90537.7509625072,84871.515000003,69789.6100000004,8764.08177317518,18706.0389820604,21690.3112862183,44344.5712999997,215998.170000002,41937.3050000015,11877.391725216,18862.4368405443,24496.9450000009
"S211",20991.345,83416.0649999999,130571.08,146336.89,89486.6999999999,78522.3100000002,20514.02,89236.9968749984,144352.47,71957.1349999999,100798.519999999,70693.8555555547
"S212",116614.410000001,86682.219999998,122922.383466665,51250.6199999999,79979.9042499526,69226.1065331021,189574.240111113,88051.5950000005,85820.0715555573,72406.9998433333,74277.0327464722,56039.6282770789
"S213",120680.217999997,294244.129714284,167794.771285715,123382.161798305,38486.65667901,11811.7640706918,69200.1504000006,228369.121954546,258382.146521737,171683.395807938,36955.2981257727,13574.0730698981
"S214",3565229.64735714,3152969.57292855,2922605.82209092,2627437.40134614,1927703.86371451,1889241.42191017,3479746.46335485,3677790.80521873,2887828.51279999,2492586.00307693,1501167.10353468,1302692.98639207
"S215",357045.360000001,453751.404999999,401489.946545453,45720.4311428579,113795.845,140808.071833333,671951.074666671,922778.061142856,356711.79975,218422.355,206600.298333333,159272.220833333
"S216",102501.78711111,256132.357411765,98305.4750000006,55612.2750000003,31057.0053999998,63297.5205262062,86407.990898927,125477.588529232,131056.937142857,45075.1299999997,40200.1549999988,27934.2648571433
"S217",221118.03025,212537.386014121,98172.4499999993,31212.8304020678,69703.9208060808,74619.2000000026,196246.015743111,123509.479714283,96421.9003333346,62332.0028517256,93240.1942591815,112575.776199999
"S218",3701595.94583335,3747114.31034483,3841640.33360002,1690738.36000002,1652175.77352059,1190669.8213594,4837125.53457696,5715446.62096295,4127612.66203849,2712029.46666666,895575.819532286,8436.91500000029
"S219",1119650.45738888,809364.79000001,1324524.24048001,1029855.86935735,619475.827419656,509822.78502436,1653801.21548148,1941376.91316128,1455962.33053333,813049.256941812,404030.335492953,329114.607950479
"S220",211689.095625002,218232.211803204,258287.858811707,0,60117.2802376643,21525.6921245688,375438.199041669,305804.130000005,389392.519481481,231255.25515736,37665.6145648967,34830.9198316257
"S221",18301.1598019945,46142.4600000003,0,50415.0025714273,1792.82060205558,0,30958.8300000002,27853.8699999996,27204.3949999996,32954.3265714291,1612.01061236041,6295.76778879723
"S222",70908.2295384617,169315.785000002,149556.095000002,102180.415000001,34789.9500000012,37968.1542210084,48631.0654285722,139976.423454545,175275.670210529,136772.143238095,15635.1620270071,14467.3877608882
"S223",4752717.20000003,4271506.18061542,2932520.448,2770161.81360004,1384914.88803474,4608371.28834779,147860.435454545,133939.791000003,65053.9199999996,213731.623583333,241106.286999997,160739.39696185
"S224",392678.989888893,50463.5514359089,35362.0329511438,49509.761833334,67471.4995420316,94648.0699999978,7570.08370617789,1889.23468869989,1142.58498966973,2301.48424128958,5779.38724479137,5971.21630869913
"S225",128608.939684212,12314.2279451636,13744.5180553809,29484.5999999998,22266.3900101995,44142.3899999994,23074.1145279409,8382.75391315787,1443.58497017937,3390.92159215517,8280.14300664683,15196.8576293058
"S226",495765.998117991,881212.410000016,1008018.37714287,97667.4288571444,655897.759999991,536542.617785091,535054.289777789,1761100.90240004,482743.2400733,299352.887729097,732528.406857124,833315.278769233
"S227",65876.6972450973,67908.4799999999,15584.0983652847,50917.0588146021,46330.6985454544,43552.0925955497,74517.122336366,133399.206214286,26044.998147476,4322.25488452539,45063.7053749992,25047.8249999997
"S228",96901.7377999993,287813.149066669,79667.8899999995,55325.8799999999,39976.6702492471,89982.8049999999,12587.7219524135,0,8785.45435321819,1028.47323045054,14610.4641782512,1363.43022408136
"S229",234.749999999995,4245.30240000004,59648.4099999986,31356.3400000011,26974.5970000004,86356.6999999999,0,117482.054400001,58469.9649999986,59465.3049999986,47539.3376250009,46461.1387500009
"S230",24628.405,365755.104000007,271582.275,236333.681999996,333151.82628572,271884.319999998,10393.1649999999,399907.823454544,265278.455,208559.725000002,283239.075499998,246038.344999998
"S231",12725.0149999999,77650.604999999,63595.3399999996,36096.7249999998,65559.4551111103,64410.7049999999,7900.11999999995,54293.457333334,79597.4649999995,31533.1849999993,56244.5349999999,45331.7899999997
"S232",82398.4348000006,67562.7351481558,30882.845108686,62879.0897142867,154227.620000003,99825.3668571403,18358.7961409083,29192.3785559772,51992.8780741456,117611.67655064,103923.027367254,212654.040777777
"S233",147566.980000001,0,99524.9654084125,131153.738624998,10349.187939242,43208.084999999,114831.875,110607.94,54366.9514287471,147470.803351807,122595.839999998,43467.3726895887
"S234",1301184.20283003,2519464.62053915,2417509.57261954,1350478.98763636,2889765.20506669,2576443.72672002,2015146.22800011,2514824.56261773,2082767.02259353,2191967.69771057,1870667.06900001,1554007.43999999
"S235",69370.1900000024,902774.787535709,908535.717535115,1021826.11369823,946559.372307695,840018.884319996,752419.860649537,916872.878663292,763315.149374735,758727.375526348,697138.967875,687683.281045456
"S236",44806.5303613575,152969.870117649,1972167.29219991,3987486.24627615,1054377.92760731,175375.048746278,51577.1935483633,78251.3527913861,3077293.10000003,3608098.6416,2018111.32000001,426056.774294033
"S237",10263.3696168398,3468.66745055719,13609.181278909,43550.8200000015,25667.0569438059,3278.41003039115,1568.46999133757,3829.30636370588,40958.5708571435,56155.3299999999,37991.9399999995,1197.10062114627
"S238",277920.998400002,24160.4700000008,866684.479999991,940391.657873419,74933.2796557891,45493.7118298586,712720.644070179,41158.9256852861,1293510.37726315,1462073.08000002,143975.305,45794.4948508573
"S239",3395923.26989473,2088041.98094733,1135068.44123077,611541.136761914,202908.509999997,180904.609999993,437274.29858824,131990.534999998,80827.554999997,106538.6661,12775.0950000002,102969.175
"S240",949360.529478253,565870.445437495,157075.919999996,83109.3249999994,27944.6400000001,22129.0999999992,107508.650461536,47716.5919999994,23883.3342222219,2237.94999999992,2344.37000000001,2217.44755555553
"S241",56479.2849999996,65300.4950000009,53019.529875001,38780.7322500007,18584.3749999999,21881.3974285709,51713.8599999997,104792.400000004,55413.5200000019,34730.439428572,38915.2899999997,34445.6499999998
"S242",99139.6199999998,140572.995,104831.906666669,65363.8439999992,224155.91435294,53353.3217777771,28888.3350000001,108706.465,162285.805,78635.4975833333,168270.937333331,122284.405
"S243",37027.8999999999,24383.2330000003,47400.7199999994,21130.2660000003,135546.943299999,64647.0200000002,19014.7499999999,18695.4899999999,58803.3099999992,35318.2883333338,80843.649714287,86819.9399999994
"S244",79156.1349999995,3588409.89835714,148019.265000001,119204.101866665,68511.3988125006,77882.4275294112,64829.2531764701,456300.29625,237947.117473684,134497.30447059,174429.90847059,320319.504999998
"S245",22776.2439999999,1207989.9785909,36210.97,33411.6263157894,35643.2412631584,25457.04165,31585.38585,171129.940959999,62492.7960000006,39042.3726,39200.43255,91647.9650000008
"S246",307828.251045947,259969.974999994,1062644.26733333,393029.194304973,389187.935406578,244415.44,477142.295425032,423954.836192959,320916.183866669,200138.469196163,564413.860244153,946765.977454541
"S247",13999.6898693725,181573.438375002,39204.8150000001,7583.41005243848,0,26207.4900000009,8228.3839778124,71182.4599999999,5399.5370202561,2608.17219504007,3653.15936640837,36142.11
"S248",31671.4094249789,58824.6848857021,66296.5300000004,101348.319930709,178218.342095238,102260.603566586,58588.4899758291,47981.6497142845,48341.3258999996,69242.3561984453,83765.0600000029,77581.802588057
"S249",428976.921904762,1226468.032,149473.730249997,74900.8999999995,72939.954999999,236274.310000001,2234456.92000001,108636.752250002,834349.953176465,231408.725,824797.212178571,2676586.85653335
"S250",3281338.64655,2601648.31757894,1568575.65687561,1423376.4401111,1639660.67420397,820473.378285694,2062152.32151233,2056390.47250002,926254.639999999,1025683.6972131,1862455.27341178,1953788.16467188
"S251",288103.142333332,288778.172947368,223457.383959674,209061.937714287,289219.825,246891.677312872,240191.144031238,132651.905520885,180452.312316373,181801.739509218,246582.964999998,292893.369586461
"S252",2809137.44,1924397.66901608,2077193.20000003,757105.377796073,1193471.68892455,818682.800000002,2309205.77859899,876687.959999988,340738.663567197,0,541502.520000019,749027.164401101
"S253",158935.140000006,439692.317999992,1011323.94938322,1181135.94161539,704492.878959604,603778.971152375,871527.006785717,928197.314023406,891053.926003385,919675.524592591,458211.059735317,414429.381735254
"S254",865253.646098263,946012.477714262,1220800.85123879,1558612.19723807,1433327.16000001,1266861.24,837854.134864114,294483.368147038,349647.259303323,0,645593.011604164,1593529.51004298
"S255",0,1143128.79354957,599736.083127358,468136.769251488,542854.679999999,307015.439999996,1159075.14345787,1138243.27999998,506768.14533334,222568.039999995,0,149567.617423942
"S256",38588.2049999997,59004.403516298,2402037.12000001,3483901.42099997,2588943.93244443,534176.299276473,35384.6499999992,71561.5237520739,2731525.95999998,1665573.16,1727071.16399997,1175940.34634288
"S257",1322152.70355557,1251545.234,3243269.72866668,2760481.22604546,1271697.45071999,1079035.45422222,1049238.6,3800549.17887998,3587585.60133335,2623602.60517777,1411957.05195832,3223144.9032889
"S258",210273.760277777,724670.120000002,531668.474181816,375135.16444444,281375.349272726,546356.226,90528.9900000002,247439.020000009,750536.439999999,780271.672173906,1094874.18528001,384000.919999995
"S259",44762.1300000001,203787.411749996,189780.117700004,118445.388750002,98596.5649999993,135161.405999997,12839.2599999999,93022.0349999994,221672.01075,115980.710624998,145885.471874997,213810.3
"S260",328975.519999998,438974.675000004,303672.6,147809.555000005,137048.615000001,94166.0499999987,129196.579099999,2417668.39176922,527286.728727271,701642.858,105983.365,102149.190333335
"S261",90175.300000001,94691.8900000002,82292.811999999,25424.9899999998,2591.63999999998,0,8988.5394285712,135493.005000005,38184.0791428562,49568.2449999985,2543.12500000009,7870.38499999995
"S262",18584.375,85305.0199999994,97305.4399999999,57510.6199999999,21208.88,84783.8749999999,1402.24,556498.211040004,67152.5849999996,108673.600000001,17276.035,31120.7424000003
"S263",52538.5137142844,87563.3150000007,228814.744235294,40929.4449999997,21722.1999999999,14596.0887857144,37605.2335714288,293858.486533335,105916.252933334,78955.8149999997,22615.8149999999,17710.2966428572
"S264",23475.2012727272,182812.344999998,74947.8499999995,141519.195529413,18703.3150000002,7923.59500000005,13896.3120000003,41111.9268571435,215731.329187498,155116.539999999,22230.8250000002,26284.213090909
"S265",1510524.16133333,2460956.23999998,4553128.83309089,1953152.74962964,902976.305142862,1752043.30061538,1095987.94926924,5013970.29542857,5415772.83306665,1684580.22523075,1936886.51323075,2273363.28830768
"S266",594843.53082353,1670452.08076191,1456590.49501639,828454.491428572,173542.849999999,647309.688380953,769294.596571429,1577269.8317037,1731258.45969999,765242.934857144,730225.560380948,984017.017904763
"S267",956.164083333333,32567.6500000003,89325.5049999994,54790.6499999999,122029.418117648,106576.499999999,400.618666666667,512572.348435897,174935.7745,99861.0850000015,81757.1649999985,101362.291636363
"S268",98193.0081428576,49929.7599999997,158868.648000003,58380.760000002,0,25008.6999999998,12158.9400000002,332168.054533336,66717.5149999984,85589.8499999999,18024.1049999999,31479.9749999998
"S269",0,1394613.20457139,1278204.35999998,949595.750400008,0,0,0,0,1234296.22176,0,0,0
"S270",79756.5276915224,132674.891801966,131205.3166149,0,11300.8689496847,200784.421925159,38074.405698613,74478.4820598635,115392.145000004,139155.105,97853.2560320747,1926464.91999996
"S271",51654.3900000001,64451.5476392508,22663.6130906427,38431.7651249993,29313.2384999995,43420.9249999997,26096.0618450586,51242.6504999996,95104.2776538458,22068.0649999997,62141.6705516196,104378.446588235
"S272",124799.359999997,140776.996151881,130516.305000001,32192.2411428563,35210.7998026834,29841.1822056376,146981.669999999,69468.7850000024,66606.3999999993,61984.9550000008,32057.4599999998,20419.5966625281
"S273",522765.212068969,888435.362937508,179381.865,112774.784222235,132704.174999999,63268.0005853555,1667300.79041903,120069.929999999,455189.640000001,151266.639999998,329931.380833333,1070184.55999999
"S274",147913.430608696,54205.3400000001,37279.8649999995,68975.8099999999,83015.5231830547,51696.6449999999,107188.506669621,68038.3749999995,45258.2349999997,60936.9465989851,58491.500036342,95450.8649385476
"S275",46169.0650000016,35074.1743333338,58154.0862794905,47137.2743686563,38557.5710999997,26796.0830659491,41528.8399999997,94726.5676190477,86997.2678095239,25606.5763024528,42620.2219750376,15912.9612224448
"S276",88187.7499999994,67053.1083333342,58043.9222699242,51928.2650000018,52587.3541187951,16513.5274225611,132644.824363636,45269.1823207785,76860.9824888857,64124.9980307903,28229.7321047483,54769.9390611025
"S277",3689827.70892855,2971100.96474073,1738164.12,975717.527217395,409979.920000001,547702.577120575,3335052.56000001,3894479.1917037,1601946.52000001,909681.526588229,1129480.4188421,366467.49025
"S278",944871.880000001,818871.230105261,564554.763157893,168728.91,109697.11,78334.5100000027,1136883.97152001,1140022.31243479,378257.369999996,249308.594305857,239819.911388892,61896.9824999978
"S279",1153822.85500001,955603.14104347,858512.257090918,548488.398999994,603865.777208329,717185.869888886,68807.0881000015,104870.650000001,51277.2249999999,92037.6500000001,89229.5119473758,73107.4255999991
"S280",27246.650000001,315543.767733335,23895.9850000008,0,0,0,0,10618.2265417931,13582.9991871366,0,3284.89281339917,11620.2204776638
"S281",392517.093083333,247484.047999997,160337.417954544,14251.0635250319,243587.555,219060.874999999,117828.311732464,22884.4722682477,90070.4449999994,42523.7687906199,280290.803899998,2193648.42986668
"S282",35696.0850000012,51688.8199999993,33737.1889517797,9802.56787201777,68262.1700000004,55336.6368433934,59220.528979174,2912.17798739758,31320.1421432317,16164.6431975993,96355.5876999993,352542.005318183
"S283",70676.067809831,89001.5499999999,2358942.94826668,1500484.44000001,1005706.56,187419.424315942,76969.588052012,82883.6988234661,1911828.94902392,2622107.0505,1923172.21460914,187072.981874997
"S284",65465.9598243805,69123.1916196628,715471.523587359,4914285.49277779,515267.929850979,104308.390744234,71667.321035294,41945.2817777773,2347324.88319997,1098349.51985437,2795647.31963633,143898.085636363
"S285",33548.6060834163,20738.3044413395,287943.198304261,1148991.60851282,201885.588218922,11383.29070175,42314.9661025164,26463.7384167298,564799.8447,75811.7300000026,786895.51503226,63830.7100135368
"S286",102211.916646608,56232.2858333341,1565996.20435136,1286488.89599998,1037724.46606883,273284.995,117171.665537493,118585.817415254,3089225.38971429,1342244.4901166,2688497.20800001,275712.220677074
"S287",21735.5901683035,20619.0072686955,27069.3769441924,38663.8660514553,66280.2574715284,42335.9695882696,60669.6081000013,16781.5552674369,26590.3631563234,16729.7694808242,77658.4299999995,64769.0899999996
"S288",65831.7250000002,60919.5595555568,137075.850599999,478901.826000009,388075.300801602,113868.227166668,0,5013.16482897069,332177.890074762,3885779.51162791,391073.911636362,227231.267031078
"S289",1123712.23821309,2529617.56654546,2004683.45574999,921809.953759995,385766.239999995,300786.003999989,1989890.97999998,1683364.07999999,1020855.6603077,417917.600000015,384764.639999995,244866.159999997
"S290",55305.7199166667,32918.2099999998,20218.7776311453,34706.2728219264,27256.1277987675,29331.2360000004,12641.8958634411,15431.2268779155,1962.40439200875,0,0,0
"S291",125232.046833329,634612.964142847,704940.176124995,250426.891733335,60122.6049999986,105582.434666663,858659.159999997,805787.981142861,214874.551125004,251000.338526857,296592.733873788,138555.71
"S292",32382.9799999996,32777.3599999996,20665.7129206858,0,52720.1549999988,6274.35088269555,47167.5349999989,64107.0949999999,0,41134.915407611,32151.7809376134,46981.3000000016
"S293",90278.5899999999,38740.0455000007,27770.2717500005,21193.669778058,7427.21209980483,13378.9829852743,255426.744615385,86566.3356404524,25424.1191582391,5806.89272303582,6316.55188199709,15509.4157283724
"S294",2693274.25055999,3219319.90495998,1577060.08094119,2351305.22901695,2506836.55904347,2681450.37129729,3080578.50215152,2181497.32,935288.666400006,425667.479999997,2469372.32541178,3178423.66479068
"S295",472832.891999997,384880.449999995,270429.151020564,271732.515000001,179206.584999998,168585.480000003,386520.026181817,583440.562399997,142771.072888892,85062.445000003,192341.63,292948.853804139
"S296",72043.7198181816,43064.7332727271,27138.0225634435,29028.6800920058,21666.1020135386,32417.4099999996,49919.2269047453,65905.2800000004,28841.9079087501,17406.3438646231,4318.22128105223,36642.9100000001
"S297",376625.342153847,343536.280000001,237385.969593526,208622.528862813,74517.3408000007,216783.799999999,789764.100230766,452172.320000004,182326.716000003,85865.2899999988,160741.149999998,192668.041383127
"S298",74227.9016999995,177357.050210526,82960.0436999994,72971.2549999999,37214.1349999999,80439.457090911,124170.822428572,91829.5050000002,0,33445.6917142863,42032.5948731533,65310.637777777
"S299",1890736.15823999,2239590.65496428,1138355.23536842,443459.853466661,1763252.6395,1363620.07119999,2098977.85942223,1825574.58251163,863215.932782601,438597.208437496,764756.029999997,1760019.86972727
"S300",475567.160947367,454668.383217393,313202.080363638,42760.4949999994,290317.989293842,282553.309094669,465847.220074073,201251.174999997,161633.041361508,52773.844500001,248775.61903868,289906.258962962
"S301",158831.090399999,84663.3699999994,96751.4299999978,34207.77,46904.6149999998,54525.8125953847,185335.041741329,117739.140431876,66919.8187000015,28002.6521364299,40555.4099999999,56165.5461167088
"S302",68440.415555557,90471.0849999999,30776.0454285707,8584.22394746474,29967.1674015958,57340.3464615373,44956.1900000016,182096.01705,40741.1338660355,25940.8378580043,33389.2749999998,58602.2145625005
"S303",55654.8623333341,83862.0900000007,68907.2416999995,139055.098778253,229379.543583333,136148.601722222,157998.361600001,129045.973333332,49433.6261000011,94455.6332323966,119909.610027735,261218.961722223
"S304",54821.9499999993,26788.1049999994,25756.9721124991,21982.3358904898,5166.88519936325,16345.6751371951,30396.8875000004,51400.8600000003,35253.2575176237,62368.6632857133,12681.1082114738,23178.0492598391
"S305",66097.1013691691,136704.314999999,0,5774.22517805992,29067.0247850917,26132.3686250501,9011.96452509118,15671.5622002891,31980.985428572,7590.74338101712,34846.2899999995,469402.771809524
"S306",312004.522458477,791387.580020206,0,206463.365136067,877238.83999998,618825.836138985,753523.58400001,71244.8219048168,771852.361055842,0,1355906.39666667,3225900.2928
"S307",307910.620000002,82547.4899999999,101906.224874998,117650.432250002,202219.407000004,54365.4396666648,326471.52,137552.545000001,279408.84,109867.719111113,312787.160000002,232203.745
"S308",252062.692416667,942205.119999994,1231356.59323077,131990.946750002,21728.4600000002,41395.1756666667,324127.104916667,4602762.95683335,563284.672000001,421829.547166667,24085.3500000003,61826.8900000007
"S309",29636.405,220502.239999993,124753.541142859,98820.4830476191,0,5417.5972499999,55756.496250001,295835.079999998,87529.7182499984,31015.8224999994,8260.06999999999,4541.62999999999
"S310",45503.8047270499,42297.2549999994,20570.9476245781,30951.0049999993,80552.21717647,39632.0599999999,25192.4724660099,0,54355.5799999999,32946.3799999996,9475.2981679724,8724.44396489078
"S311",416139.361753421,301753.91827797,499969.758416669,146623.284999997,269296.752252655,287467.989000001,311213.616483507,231610.836393858,171043.243094912,90799.7350000032,87837.1900000002,291503.261866669
"S312",47247.3500000017,111659.62,54343.0599999993,0,14356.2870913196,23096.2700000001,69993.059999999,68113.353777777,37910.5599999995,58703.6005714289,27903.9580058526,12597.0736234787
"S313",560758.28000002,1433076.75999999,673763.799999999,275652.84000001,288039.187928567,185984.600000006,1528440.44945454,1176673.32899998,1251412.2675,662565.718285718,0,506851.31115
"S314",42333.4361666672,129218.919999999,46145.3701666673,8610.6300000003,47488.3599999994,63253.0905714296,18425.1326000004,218071.795,47405.0610000006,24631.5349999998,86807.4200000007,46431.9849999997
"S315",63375.1494285725,0,70831.8999999983,83614.8199999968,1188736.43999999,1453405.82399997,12157.5138750002,0,75589.7220000014,103961.385,1350194.36000001,1144878.87999999
"S316",288620.430000001,103496.137874998,64406.0100000002,102106.86,214730.923555553,100607.59,361464.919999989,65509.6145714269,597335.460000004,83453.6249999999,200204.693142852,300934.392888885
"S317",643187.66328205,552288.20399999,762342.800000006,35173.067,8220.50725,22451.4900000002,411268.106117644,1347341.60775,171796.309999998,86070.4166666666,0,5829.33846153848
"S318",58194.5249999994,77861.0320000013,93543.1799999994,10284.3585000002,0,8095.74500000002,46791.9349999997,251424.554181817,22928.8150000008,5308.48000000001,3001.43024999995,3957.60400000008
"S319",0,43953.0342222217,1665911.2,0,1641180.35199998,476135.599999999,0,46557.0093333343,2048935.55999999,1155671.11999997,1513884.25999999,857144.239999999
"S320",181431.696900671,124117.885500002,145069.239999999,224958.4326,172822.950000001,146745.428381771,126549.980816413,176993.674999999,688964.017793108,360394.947227274,249667.579999998,128830.528928867
"S321",84342.0006586149,104034.454874998,117883.570966718,123836.246857143,91278.1467883727,103891.184727272,58324.1993102163,124868.220000001,51086.2950000018,28137.1349999993,105531.08,83577.2599999975
"S322",2745458.50166667,2408965.79993549,1707865.72,709168.04715,663605.53752381,699541.574370369,2321944.32874998,2891003.86766665,1454523.91862499,841845.788952382,833142.450080005,353988.84475
"S323",895842.580000002,721695.190074072,353070.259999997,182905.895083333,95860.3986666655,219040.958083334,712580.722285705,1003527.87806897,480316.457758619,163817.940000002,103800.189999999,85131.3050000002
"S324",279662.167272564,28983.7999999996,175888.272854921,217649.245000001,1058936.87272223,865802.436736847,234319.059203133,408358.524250683,159401.510000001,228665.28,224397.100000003,638888.844821428
"S325",191715.070041985,51162.0232499991,41405.204999999,117523.675,459635.2047,466149.651928571,200800.350090338,255289.742866881,60621.9887076417,207465.789999996,246184.865416667,468712.261838709
"S326",58843.2149375005,33683.4949999998,4741.10746422083,14804.6276371579,22211.2833944584,20395.0800000007,26425.3863556426,4207.64434869939,33193.5507241944,13245.6617687012,8916.15769418599,8651.24455082235
"S327",168422.444571424,665731.219086916,468222.793143685,322095.967584033,147044.269999998,421465.262823527,3271198.26251855,185710.725000001,745601.760365292,450306.417125491,496752.669786266,2304205.25784616
"S328",164073.687916667,89652.5899999988,46342.7799999994,61822.1950000002,46383.4699999994,154761.0354,439081.393242905,52950.2099999996,141163.931999998,66796.9434971337,66877.1449999996,358885.800000002
"S329",3185.78228787695,13296.8364946475,2652.18049256801,0,0,0,58405.7999999996,3722.80832842495,35057.8946250007,0,0,22154.1400000008
"S330",75684.0534578201,277281.845479467,66397.4431666675,62126.7752871568,77497.6485180575,85644.6336000008,440741.559999997,80461.1959071144,0,113276.720166668,160166.795000006,721086.941604675
"S331",0,882226.449000016,1307363.44,1011966.56000001,0,0,0,0,266212.759999996,26398.3163022732,0,0
"S332",0,528721.412571437,583189.425000003,364244.360000013,0,0,0,0,222871.649999999,5305.71769213023,876.573378303267,0
"S333",0,177404.724571431,293518.880000001,214085.740000001,0,0,0,0,46234.7949999989,0,0,0
"S334",0,337676.083636371,832963.195821436,238196.130000001,0,0,0,0,33627.9122893473,0,0,0
"S335",116998.863272727,108615.762933334,60226.6568571413,25916.2176000002,41034.3000000014,169955.62859091,73942.6297142869,82619.4800000005,34301.6685714291,69196.7481999995,87510.1049999994,57073.9849999992
"S336",184898.438266664,91258.4892307695,128645.031383066,104874.884923077,171869.865000003,162656.978427769,271543.430869566,109045.995272727,120925.209251947,64120.0214285698,189555.930000001,216021.644999999
"S337",552701.33099999,973464.237083333,1174366.64275001,1100248.46940987,1458843.20123077,1427119.72615384,1799447.33454546,1299366.12466666,446080.967111106,427339.857777773,1593497.90742858,1925677.02015999
"S338",59247.7699999996,164258.74851563,80624.569714287,85363.0781713994,164345.344999999,105273.30915273,203958.705642858,116261.735452528,85467.4533141451,34949.5799999998,207633.653684278,181585.198722221
"S339",65801.9406594382,29689.615000001,34198.3799999998,46819.8618636335,20222.9299999995,78004.1020000005,130021.571680001,32877.5200000011,37733.7150000001,42812.3017058127,29022.9249999996,87243.2971666671
"S340",109770.695999999,41514.7550000014,165627.840000003,336326.977874997,412648.244999998,594906.428666668,118373.404500002,165896.260000001,106650.307555554,323540.267681819,522885.671024959,591400.8648
"S341",96217.7650000034,982294.160000034,91943.4817777797,269008.271999995,21006.9950000007,42785.534999999,50208.7046471197,148174.199999997,59763.106666666,19630.6430360268,115165.220000001,91987.5700000002
"S342",644907.893624482,1453534.43999999,756690.020000006,239864.039999996,228978.28,568645.880000005,2506306.03878262,913108.640000008,693407.679999995,391577.084999999,296838.008999995,933143.124705892
"S343",324133.79478261,189293.010000002,154300.783333333,16442.9021208075,34797.7749999998,174032.335181819,416735.904607142,327554.149896554,192763.305166667,40386.3899999997,51443.1137142844,65925.8665714296
"S344",1472853.93785185,1270305.96369231,1882420.421,1444112.47331249,632310.080000002,2068757.64102857,1000103.85999999,758860.675000002,1190777.20000002,487697.117714273,387227.39733332,1458531.37344827
"S345",246055.559999994,364309.115863889,753975.104347825,147458.962099999,152506.12,159757.296806961,143745.146792861,403815.724365912,226911.486578409,178239.473374521,239458.066032233,144139.345971703
"S346",298055.637733335,186481.722720261,526511.778,66303.28031311,106551.456037365,30429.3973340668,38660.333844771,94633.9850000033,142159.905000001,77870.4114183442,110429.514222221,105617.155
"S347",98923.6499999987,1449068.26036363,0,508284.923359997,5321.99556496085,65437.3449999999,97821.8900000002,325203.402125003,38083.6498836728,46048.5599999989,94824.9149999999,104271.254999999
"S348",87680.524235295,915426.752724143,57394.8099999998,75325.0149999995,4057.40998143947,6668.87206858142,34068.4849999998,246929.923187498,4986.54039983661,4494.87945114417,75919.9106249987,0
"S349",22848.5459605376,1158447.76457143,185255.31,70127.649999999,63877.7403552625,43536.7350000015,329038.119999998,144495.882029504,225952.843579763,61208.7149999986,129837.095,170824.444999998
"S350",190724.984999998,135720.647199999,134807.535000001,73727.1499999999,36603.7850000013,94959.5050000002,72586.2650000002,98699.10711111,81203.1549999981,52480.7100000003,58680.6201999996,53710.1164444438
"S351",782421.69917241,56075.6182936071,53742.4662431277,35076.3450000012,56951.2131313298,55195.6411428558,740127.487519996,12404.2403566473,46137.2866441063,14107.2583025271,58253.8353385912,63063.2400000002
"S352",1608804.83439999,728263.35999999,221952.966305249,193202.072209586,308522.569763866,610558.336724427,1105115.36,127538.364537726,666740.079999999,243444.260850341,563788.119999996,399675.959999996
"S353",262106.327583333,104257.170000001,41635.5441290164,21326.3466696525,44284.5886222168,56227.08855,260042.228513925,128095.129500549,43507.3546185133,6742.94847328841,20184.1191151537,11215.1886391321
"S354",848764.199384618,634826.599999985,453286.600000001,582534.720782604,229888.822079581,463859.00475,508762.720000001,189174.321424982,258137.360000009,465071.732571431,173790.119999999,154823.884999998
"S355",554704.37100001,237643.685,275482.254999998,0,8601.93465716375,40429.1348835332,501230.002285722,245456.165,132798.824528337,149447.774451288,12465.0222764351,87073.4699999999
"S356",3035567.48485714,2515664.26099998,1058954.05155554,570811.839999992,48206.7936000004,1447940.38687501,2467717.68833334,1195008.96000001,1214078.35733332,2077832.91034285,454726.978222231,1215618.16184616
"S357",46486.8230029061,87486.6542222218,50793.6400000001,16172.1277762177,4814.10339149037,10046.0614407357,72516.2442352949,56120.9000000001,41198.6249999997,15180.884182216,14331.8753022378,6992.68616688037
"S358",298364.12,151039.614225473,139745.11,93686.7684705876,15388.3978771347,71563.833026179,447647.079178571,181071.512178489,160850.031138597,183253.429499999,47768.1408012369,39625.7999999997
"S359",294399.588923078,258299.372046386,236519.564580212,149982.564698348,125463.149959595,156312.751579984,228067.98825,220289.399999995,242029.612944443,156367.24344276,211554.600095164,146894.744878474
"S360",436027.635454547,654924.480296302,588778.688392857,342938.312347823,358421.215056032,386878.081783617,154045.701916667,329630.885999999,584716.98775,397014.478194934,323899.26645,426036.431875002
"S361",147471.514999997,1051955.94913044,219090.930093751,8642.93748761515,30578.6504289117,40426.4703247805,4907.19242799568,1358821.86263637,61319.6268750011,11465.3333574766,20836.9119238726,45350.8496157125
"S362",62795.3039999989,742444.825043477,245856.361473684,153296.475428572,88532.0499999988,49019.7093750009,147997.90523077,405784.327619048,149098.160249997,83291.8025000018,429104.818434784,89730.8399999979
"S363",6571.01509999995,49627.7149999997,77308.640888888,106062.544777777,21190.1000000001,4758.86089999997,11799.3459999999,2895.25000000002,22171.5031999998,56372.3926999996,16862.8750000001,13559.1599999998
"S364",0,1970899.43717646,0,67758.2399999984,0,0,12340.2756666662,413798.519999999,125747.328000001,59463.7400000021,11585.6949999998,159614.35
"S365",1252590.85407999,2391819.13568002,1535138.25094736,974415.817818171,722150.87235,864898.261043482,154182.238476191,520451.518476191,250309.05765,220222.8939,124762.698666667,217797.046687498
"S366",279771.37811111,487576.88906667,391437.15536842,263258.855791665,101040.638055557,131884.128111113,45907.6452777776,133117.7769,38416.1759999997,50993.714722222,7580.57505882361,45505.5050000001
"S367",43605.8726580362,52189.6199999993,112240.838072242,665400.440000004,161720.532338134,60133.4153333341,69138.8102888149,62755.5354876157,402932.328023427,112871.132212011,1275024.27999998,161723.970000001
"S368",63086.7440000002,65703.3949999985,112971.334166667,45231.6300000001,63285.8664990685,50851.8588466564,56366.7411279147,95341.7082857147,54712.4000000003,36581.8491739563,63052.4004805932,58591.4982434139
"S369",528480.782769232,895906.159999994,1540031.30115,748182.724500009,676848.329920004,653355.099428572,1214081.47357894,1017356.63473684,848618.51121429,458903.795199997,553530.457375003,297029.174999998
"S370",91958.2186999993,195024.039999999,138507.086249998,128513.105000002,137346.670727273,106819.075,246480.079384616,188702.171999999,219321.609428572,78514.4849999986,64246.3800000005,68321.639999998
"S371",638963.981250005,698074.510000004,1454631.60282354,593934.469625005,200199.153375004,735163.98141176,1355927.66592858,639784.519999991,1300409.52213334,390974.559999999,279742.519384616,219550.719999995
"S372",93583.1517142834,185800.091454545,398974.206681819,158670.030666667,81417.5600000002,91349.0499999988,310961.642933329,262477.212833333,140088.853333332,297068.1987,45075.1299999999,70133.9099999991
"S373",147442.26622222,265915.744937497,482915.831538465,274602.920869563,35352.7146666671,219144.245333334,343016.172399996,292314.953999999,433526.83809091,67578.2649999991,119146.579999999,95943.8899999999
"S374",77403.5334545452,47150.3199999997,150682.240777777,50754.0413333344,15759.6425162455,47317.6449955604,96938.4885000008,41031.0225000008,64170.9728333333,49812.3850000004,17941.0118838449,35243.5175513137
"S375",43445.3614951332,17183.919315312,42269.9211428561,56053.605000002,51147.3300000003,19699.9442606553,23019.9045051991,48590.1200000017,45492.9849999997,74196.6036999995,11306.6378184118,0
"S376",112455.047249998,34162.3850000012,158059.960571431,165047.171075254,16017.4511016958,30924.3976878721,102966.03333333,31711.5949999998,96258.5909999983,90612.8736000008,37466.1,17504.5442007761
"S377",43978.640181818,30528.3870841488,42780.9324444439,52217.8865454544,14353.9977683621,20872.4218405137,24083.7849999997,28649.109585251,33830.1318333338,83127.0140999999,24305.8211790576,10172.8953108788
"S378",105048.607200002,77351.6899999999,41648.6728571435,5297.72280042607,0,14618.47036046,184743.10725,71852.2799999999,35293.7880000006,55592.8397499995,3833.02688290373,1999.88560061148
"S379",125931.750749998,58191.395000002,100434.568888888,146414.519817088,57590.2039779136,47576.0000000001,165947.654727272,84822.9999999989,104039.635,20954.4230879125,69828.9614321694,42149.5731388757
"S380",1988985.48450002,866534.240000002,343894.796991666,226273.960000008,187850.079999999,139197.360000005,422881.561305727,1368318.66092305,609526.332614304,313321.956571421,388732.03145031,281134.149333333
"S381",172648.595454545,8135.56988635486,38202.8765743041,35046.7322025569,11030.5261061919,43369.2799999997,28026.0339633066,188058.224999994,114622.665399999,83339.2981998156,83046.007705585,49468.0538999996
"S382",513183.694625004,101006.665000004,69002.4149999999,23536.0873732345,5591.63769153365,44308.3073550626,140100.095142854,84496.6185017081,110990.175809347,55369.972124999,19261.5268437311,67584.4995760871
"S383",124052.485142854,0,0,3656.42429994952,0,3808.74855473723,49698.8651249991,33738.2700000001,31355.0425714278,0,6044.16381470962,125879.801279928
"S384",68838.089999998,256091.113090908,16319.3834676894,10816.3032312594,31669.5788571421,0,5519.68328541325,30841.4549999996,32045.5102499994,3252.75010091158,6913.32975861211,0
"S385",92781.0346315787,116924.279999997,20647.0450000007,8712.14362483764,0,0,0,63014.7250000022,8113.80015146746,11472.1954889304,5322.2752183991,0
"S386",248616.16,130193.420400003,59434.0049999996,48467.4014023954,49626.8406153847,39661.7949999997,178521.729846154,124024.168125002,62542.4425837854,32512.8749999992,44977.6372499992,57157.9725000012
"S387",218599.872639999,221040.974833332,65180.6849999999,118330.370709629,88490.9143636361,14576.1168669446,88488.2299999999,160410.970818182,108499.163277777,46442.9399999994,161188.941176469,85125.8639605588
"S388",57333.2412999996,47635.8162857151,64163.4349999996,18440.3926143367,4391.81617811082,15859.2166271637,47037.6399999999,30893.4097142862,13065.6387292567,4820.23567366519,12856.4434548187,31512.6136666656
"S389",12101.6377352239,51213.865333334,0,28889.3816951686,7599.59966694922,0,238693.799999993,41611.9604444453,29415.740000001,0,20489.2695351103,0
"S390",2329676.78787498,2296971.49614705,1364655.69066667,998261.146947366,866690.648531253,332368.44,2732379.44577779,3065029.47076664,579246.405272725,470639.319999999,717904.179388886,628118.317406626
"S391",819461.515636383,190898.7,634090.630687513,589779.639999992,140010.608888887,77497.553053233,756875.950155375,339541.455272726,1575401.77238709,957689.118371914,209721.478908433,56447.0303999972
"S392",253243.392159999,232416.904479999,130572.337110628,53611.8719659971,31671.5051250006,40635.2250000001,291206.743185185,130703.054624998,74337.4446999995,59962.9749999999,43871.971500001,42433.8555325225
"S393",1659973.59,917756.232521743,901416.524999999,500421.65505263,326798.400545453,435892.074428565,164797.63,40858.7200714288,31533.1849999998,49543.2049999993,26710.200857143,51897.5440000001
"S394",347650.665000004,53131.4848000012,16254.09,17850.5291249997,40419.8020999997,44408.4399999997,239114.784999997,256856.032166667,37819.7899999999,9706.12999999999,31552.5746250006,36951.7213333329
"S395",44026.5799999994,49505.5776000004,43156.4400000015,10435.4199999999,4910.96999999997,0,81309.5749999995,85170.4299999994,552031.83999999,1018.81499999999,7134.83499999995,7303.1882857144
"S396",44098.8819999997,249434.409176469,68410.1092631577,11431.8099445315,0,22008.0815912875,61459.1150000007,23831.7431710391,54573.450750001,17397.1146846783,27490.0976327833,6378.31605835155
"S397",102190.872222222,30484.5181666671,38168.7849999991,35352.6395048145,48472.2361181589,15938.6406418958,58142.2945999996,26383.5836890399,43596.2049999999,40941.9650000002,15001.8718322523,7268.12323889442
"S398",61317.8642102024,2117826.38213637,41603.9600000014,38586.6400000001,20598.1145343996,15381.7245665703,51061.2549999999,88093.6328571443,26492.3622617147,19092.1709694266,50241.7035340521,25228.3953031119
"S399",14804.0567335739,33638.11,79049.7150000028,65024.1849999981,18455.5556846813,6588.51848394207,40494.3750000014,42834.4427999997,126768.130000001,35562.5000253824,35038.7849999992,22163.2564481089
"S400",19927.569471513,17082.320205091,92814.092833689,41857.4899999997,31018.1263333322,12736.1677759269,83600.7350000007,63966.4553571432,0,41683.7749999997,8856.25907963161,21698.1599450421
"S401",90820.4464761906,330351.36704348,869606.108742863,47731.6460384716,0,1711.08661292295,41954.6952599317,320253.920191031,370003.56,12956.4504689356,0,16018.6921301821
"S402",303899.525000003,205528.319999999,299295.294999998,52014.5485103348,75735.673877645,0,317980.966285716,60932.5127981432,59775.1749999986,175773.493945739,120717.534287479,79375.2350000028
"S403",63662.6751570631,61150.8099999992,36644.4749999991,0,12458.2710370656,0,88948.3399999994,54879.8550000019,13375.5854068884,0,26490.7550000009,0
"S404",43578.5509601318,48005.3957640628,43601.6641869947,72057.3853999995,69947.6749999984,110766.547125002,34325.0711645544,77719.0287417071,106682.92,42512.1457571867,64971.2181582577,67065.4028243571
"S405",286272.929999995,187114.474639084,164978.911097237,150106.637499995,311322.320000011,241254.621646565,90908.9848856041,277205.32000001,213209.514812623,137012.820825247,204996.283563648,207984.182886065
"S406",1928.86455449026,51767.0699999988,54841.9204999996,105366.281899999,33132.0979683925,70945.8026666681,0,43017.9228571436,49172.3000000017,97332.0450000006,32763.2749999992,53501.0899999999
"S407",435487.123809524,1828189.32141178,1734237.11494736,1677172.87410526,1795369.70971429,1691160.0876,195249.399999995,1535345.60545455,1575698.38330435,862842.405000011,1140786.32213332,1025683.51156249
"S408",40085.9099999999,436602.2706,203937.767999999,389939.72409091,276205.284999999,457671.853555555,41272.1799999997,331483.518476191,135334.547692308,176428.710000002,164154.415000001,427774.61839394
"S409",143322.700000001,51605.3429645423,36826.3668404543,35779.6195555551,32421.7206550867,60108.9471111123,90849.8149999991,13606.8836021187,35265.7099999998,34399.402121983,43376.7531124491,503269.57
"S410",65016.3599999999,46995.7897142865,53042.5449999996,28670.8414856646,59354.0599861279,60977.4827330892,110668.955466667,63388.7599999999,25076.6697168595,25618.953482123,41045.2549999988,20529.2242769314
"S411",2058275.44990476,1121204.97715789,1166843.61529413,1128184.98130435,1590479.16021428,1617680.994,1906525.50124138,1656037.30438095,1033811.68966666,756706.906508363,789360.959999999,1597086.64408696
"S412",747842.963894735,436543.562125002,470537.123294122,260151.125599999,369728.119999995,318637.640933335,640400.423619048,561060.183,381106.099499996,221224.444583333,657965.522559997,127592.884999999
"S413",111300.003166667,47594.7800000001,55652.8619999998,30066.3962913864,57296.2489011866,31112.1999999998,45100.0615000006,59455.5160694602,34170.2099999998,33498.8042829368,63662.6349999999,36840.1000000001
"S414",51646.5649999999,45977.0290909089,66074.1821538463,15062.7605048365,69394.0763766084,67882.6177758785,41634.0092872678,103376.641374999,25470.3749999998,31668.1163294459,70422.7997195046,101591.688315789
"S415",39134.8509651997,19300.619475684,37880.8249999999,65101.6633330019,61301.9627927521,44621.7188588328,35231.1937142863,32175.3704535187,40356.5740467413,42496.6712727271,256713.902869563,77205.274279367
"S416",141494.716315789,12326.9417760925,99164.659999999,39838.6399999997,23907.2467057427,21351.317233481,51144.1999999993,0,7338.5559450204,0,35398.0948333321,15453.9754634774
"S417",2556550.53286958,1159549.97883125,518503.279999993,414374.439999993,294166.24844445,329039.684999996,3073513.17176471,1431054.97616942,1326516.68221052,957232.921789471,1488484.25197297,179988.41017409
"S418",924427.39514286,260303.320000001,541744.300730767,63241.6499999991,69321.6749999995,104159.240863521,771350.116235295,312931.139999994,322681.090000005,366548.740714287,349184.926969697,57354.1199999987
"S419",110827.040000004,2569293.09268966,241815.483925927,398610.878583333,29053.137714285,84264.2949999999,134259.231372034,142399.833333335,109846.580444444,40876.0007089228,226990.946416665,57202.4825000008
"S420",85040.5349999989,328047.875999994,35052.8700000001,12597.7363148171,7434.53637400283,0,52477.5799999999,63341.4453750012,0,5701.14239339985,37901.2724999993,11505.3228445751
"S421",295594.531388887,237053.08961111,228562.860190476,129829.356055555,43976.5111666672,124600.605,52727.9800000007,38296.2205366191,31160.3937296927,38248.8590347083,35467.8552687489,17673.9500550881
"S422",147994.402331143,75606.5804281201,240836.12670543,176982.720000002,85035.9176544822,301883.804999998,153793.489962749,6997.15972188593,47260.2569570973,126536.509999998,160794.359999999,562686.038857142
"S423",112616.098083333,950365.999448276,707480.15999999,529880.119499997,121091.875000004,179134.595,46794.1381666667,2697385.5121579,936189.505657137,431457.979999994,220301.919999998,131205.447142859
"S424",59177.3449999996,175920.085000002,188890.804999999,129787.686571431,21822.3600000008,28750.6149999998,37062.3299999998,83036.7237999994,351846.335454544,189745.295,43572.7299999994,28929.5140000005
"S425",3831.11999999991,12441.7499999997,0,0,6522.91999999985,14541.9799999997,2134.65999999995,64721.5066666675,29094.9149999993,16366.7700000006,31094.9849999996,9410.70720000008
"S426",10372.9193927481,5440.09386261068,20729.2777426318,711874.680000002,1506598.08560003,482796.239999999,14903.1183014058,2844.77736533214,48545.1429177702,276341.439999998,1099067.06112893,1005669.99666722
"S427",220839.935178571,230171.959600002,194213.665333331,75057.4000000026,157551.68,315463.310000004,1027844.93095455,119933.775,332563.525636363,232038.677299998,244019.495000001,1778917.36533334
"S428",37497.0289152027,34183.6577539353,31851.1928088866,24654.9742461055,32180.7975000004,39694.6599999997,107028.785000004,26029.0799999996,117624.826909094,42024.2385714275,48683.6162736251,323907.0912
"S429",27507.0588571422,29609.232571173,58517.8454117643,18894.6706522879,33852.1740101255,50206.7650000001,105297.426299999,14984.1607016929,31315.217117598,41553.6748000003,35079.4749999998,258086.043818182
"S430",21805.2156368122,0,53909.5550000001,19108.9200747862,21971.3568000002,38031.0649999999,32995.6301814813,39342.0734285721,42166.78725524,26493.8850000009,16697.9835953501,22423.3199999995
"S431",548524.155666663,73504.9199999999,248455.739052631,260402.549357144,46395.9899999999,101553.939833333,575001.858909092,99537.5846666654,201142.692923073,127699.305000004,68432.7550000024,131298.838888888
"S432",220700.524235293,34338.0261759396,214907.962315789,314924.025652175,59150.7399999999,59420.3378571419,242284.362666667,49955.0279999998,146012.984666667,326488.190476191,62019.3850000005,61656.3049999996
"S433",242901.289863637,37528.1154010261,102163.542800001,72297.2350909089,17817.2267289082,13424.648085985,163758.820500001,38659.0820562934,65270.1914285698,61610.6936249989,78901.8782727275,24141.3724453998
"S434",712227.939624822,900197.174181814,475414.135000005,313744.78859751,650631.122260348,627568.789008849,679976.519040001,803571.675083337,659977.428947367,529466.060679974,632977.61033764,706330.503162703
"S435",932374.174971423,457139.109642859,1022797.03976471,119541.001999997,1173118.76899695,1157831.8205947,872620.766666661,904993.182476191,479201.435000007,499039.706406713,922448.973126686,1287192.79667892
"S436",93062.7249999999,255320.345076922,124849.44,67333.9303590671,47958.9172425492,51463.6108499575,86491.2900000002,95993.9699999999,142757.449534743,96217.2697464804,73082.8281237282,30365.0794813647
"S437",42701.1508372882,22819.4783999989,35048.7093206101,113974.776615375,52251.176250001,35993.4349999998,27328.8966182425,2800.21003559822,41524.1837401196,54979.0813706328,22860.1632000002,13410.3553904016
"S438",92385.9730909088,451129.70145,83783.8399999994,41403.6400000014,2025.52499150083,2111.75308968686,17836.2449464809,90816.9499999984,50303.7949999997,10393.9281981278,23432.7449999995,0
"S439",97738.6052777773,1033537.79692308,62403.787388756,178336.444999997,4253.2365024522,6971.59394042459,0,151141.439999996,79924.5499999995,22468.7049999995,27174.2542901001,36726.649273868
"S440",8831.68624087451,1182951.80666667,82519.3199999981,331020.975,23753.5700000008,35559.9299999995,4691.96582424607,112875.283200001,100875.204999999,56239.840000002,50716.4148093254,124446.223999999
"S441",441284.01981818,610173.155000005,1197987.5548421,1949038.23229168,455076.959999997,917529.420666666,526618.512545453,508958.513454544,827088.76873684,729288.651355276,475306.365428574,1639198.56608333
"S442",137542.190799999,449292.632884619,252354.872249996,767372.331454547,152642.275000005,429910.776833333,213868.647384616,309772.18878261,422151.5223,663661.875809524,159440.634999998,414018.76266667
"S443",23526.1550888863,66703.4300000006,35877.6249999998,70450.0399999999,81957.4849999997,123979.825368423,22989.4028385564,59408.9649999992,77590.3061820693,40640.1205083189,30389.9136324564,57438.630000002
"S444",141589.913555557,95505.6899999999,240787.543500002,213541.120000001,135371.846151299,241591.921375002,96605.9932499983,77410.9922666672,152868.144545454,201947.772428572,35342.3949999992,169866.665
"S445",28575.5887777406,8532.47683763785,54720.2249999996,31967.0964149405,35874.4950000013,21185.4050000007,17382.051660819,25917.157510553,365099.550545453,155457.159335853,152831.796250001,30127.8149999996
"S446",10438.5499999999,0,28971.2799999996,27248.4428333324,9138.62666666679,3671.49000000013,50940.7500000001,7383.66999999983,57386.9849999999,35048.1749999998,26596.9056000002,16811.2300000006
"S447",25054.0849999997,30349.9425000004,17676.6749999998,19849.9108333326,24096.8685000003,0,34854.1149999995,35382.4465000005,35840.0649999995,13980.1449999998,34317.3171428577,11052.0300000004
"S448",20610.3568421052,432600.385000001,470198.954076927,117831.147157894,505913.05536842,164955.695000001,8154.94073684208,556593.875894735,256303.950105263,172943.898631579,503862.032888887,384684.407473683
"S449",146834.56,147275.889999999,94720.0599999994,51577.7049999997,97227.1899999987,31173.2349999993,310389.703749997,89938.5994285692,168484.770000006,79858.8199999999,116509.554999999,149818.708166669
"S450",24124.5215999988,812009.639999999,69772.3950000004,14593.625,3455.27466666663,0,1333.38,150527.730999999,66772.2900000002,0,100881.278499999,137351.170916667
"S451",441605.440000003,271250.135666667,1010414.07999998,675394.195851858,75421.9203999994,46122.1150000001,102900.315000001,88334.4234545452,78095.0649999982,178202.939045455,0,51120.7250000003
"S452",28364.0599999993,38685.2748750007,0,25709.8199999994,0,22593.9049999995,12876.0680440939,33875.9899999992,25372.9534893141,43277.3095000009,24882.1439435553,12147.5586077415
"S453",1095257.72892009,1028780.92,260464.421320843,428056.486400009,437461.320000001,412351.980545453,922826.66168356,1184605.22507563,770809.561028992,543823.504089915,718274.954444506,860051.162642856
"S454",52234.7006370093,38204.2939592304,47358.9383018698,37652.3350000013,34046.5887575018,10847.2856380265,46071.8230000006,53696.9855833333,36012.2150000013,47324.4097142865,32091.0211238249,29576.8912990367
"S455",31329.1623253291,36416.8866630903,67916.1382823709,40915.2217499993,38125.428931082,39618.4832162029,56174.3870000007,20706.5150000007,41995.2100000001,39114.3977777786,45805.9849999999,38880.0893560444
"S456",13188.2577422877,36617.8699999998,53741.4142222233,64721.1201875006,32598.95,19319.9249999995,35242.1477142848,100851.791238095,36794.4860000006,27192.1088333324,23708.1850000008,39181.3400000001
"S457",315472.620749997,357234.725000001,414698.533052631,132769.867999998,273867.25968,91647.9649999984,422412.624812496,487223.543555561,272822.429538462,200607.8106,181410.979652174,72637.9100000002
"S458",52341.3417142866,74002.5900000006,91321.4067857128,27637.1883088886,25066.0393249876,34018.489448156,116462.338666665,68337.2900000006,97583.8581052629,42654.1764444439,17299.5646556134,30196.6306548397
"S459",454909.504999989,840816.480999996,841536.35544444,852732.173333323,227075.24,486829.725882358,391690.002285704,1149865.99700001,387030.760000014,284924.853333337,136903.070000005,455404.272761905
"S460",130534.568599999,126259.505,194382.907714283,118753.878857145,55319.6199999999,58914.4140000011,225830.919384616,119085.545000004,61382.4096000005,89133.0100000005,63201.3976000004,80996.5750000005
"S461",143044.130000002,82883.9649999994,88633.7749999999,110061.183473684,86060.8101176465,58397.3388571438,257795.77845,58621.770000002,42906.0399999994,191533.908421052,33819.1457300266,139831.860437501
"S462",159160.501538462,200792.427695652,234250.711789473,217088.532296296,79948.0250000009,71092.59925,204665.656124998,238673.455000001,172445.923166666,104495.7455,38561.5999999997,37428.5399999997
"S463",124571.823200001,198291.665687498,195806.214736842,45140.8600000016,63852.0000000002,61553.7766000013,65825.6882817665,165960.509217392,52075.1772999996,43962.4233932757,50942.3149999997,38668.0199999999
"S464",50762.9608386829,175237.745000002,28312.5490032881,104446.462714284,27435.1910190785,52779.6249999993,96315.7813333322,82912.1349999999,61786.9466999995,35566.9572273186,40613.3150000014,0
"S465",49431.5201666673,57896.2855735147,9781.27660048547,43498.9528222565,25398.3849999997,17776.695108521,55782.2200143441,83912.1556693874,64564.0749999991,55266.690374999,25603.3999999994,12006.6924026064
"S466",113217.406609418,111023.914120636,79159.2649999982,53283.3857142866,31925.9999999996,20593.1863900079,74897.266377309,69970.5903031601,34769.9906409586,0,6863.61165702391,0
"S467",79368.9749999999,178505.465000002,17445.8590141806,28077.665000001,3390.92482110784,29888.37,0,25005.3001304776,4792.79359985036,10790.9924095488,4548.70362851841,0
"S468",543443.119999999,715126.533411277,536331.552241717,506759.519999999,817065.587999994,650609.869510621,304788.353680432,830874.265599994,790985.447841411,444751.019132312,503776.891930181,556876.305099794
"S469",89634.8458173936,43006.1999999997,124733.594507808,128339.815951232,79987.2077030358,30729.0997142849,88403.7200000031,86707.1170664122,103710.343229555,115717.031211724,228851.215777777,58570.1249999999
"S470",31673.7535174052,0,89948.872397264,121673.742246464,106331.443006468,97125.715136465,60503.205538032,106332.359999999,22616.9891167983,149980.21,168597.862,79344.8741666677
"S471",30326.2074922918,16125.363833728,18832.1050322494,40724.4299999993,232437.499305555,51299.1349999993,22034.6423460154,24801.6776949942,33138.4754999988,32868.6035731869,54912.7200000019,58222.1045000013
"S472",96792.7658333299,186524.644363641,140558.637375003,53181.8300000019,113239.796357141,52012.7749999993,365789.232947367,190402.595000007,92519.2479915976,59083.4121666646,112011.745000001,60917.6249999996
"S473",1270273.70752942,703048.079999999,557676.323555567,211355.865142852,144706.159999998,270598.882400002,1001438.80500001,435232.759999994,865938.230857144,423648.073285716,229040.880000001,314076.72
"S474",136405.459125003,143431.742727276,103564.992375002,51092.5549999997,60867.5450000002,68959.2839999998,154335.605000001,120124.704999998,110068.806399999,45879.5399999994,39010.7549999995,35487.9399999995
"S475",66755.0750000004,93088.7422500008,67251.5775000015,29299.9393333337,53824.317066667,43809.7405714293,1335869.78188234,11584.8555531854,322433.060291668,68149.4900000024,75857.1150000006,641676.865083333
"S476",11906.3253483993,5284.17424610892,7960.68407138345,5067.20164253567,0,20344.0025696451,444785.68278261,4128.92655542914,25507.9349999998,24520.0476286661,9124.58774151112,169148.330000002
"S477",138119.075,66100.1950909089,84848.0399999999,34048.1399999995,46037.7930999997,0,133081.694092576,121047.285333332,54698.3150000019,0,13795.7689928918,34987.1399999998
"S478",21371.1648502401,33090.3600000012,20784.7649999995,37807.9581116339,29510.8657160043,37654.8425454544,7181.09369010976,40520.0502858187,35733.6450000002,15497.3924301795,29871.9455402386,30812.2710302029
"S479",161038.500000001,2071266.74299999,47934.5370085242,89269.0471666678,11087.3401513418,29177.860000001,63342.4572999995,119221.7,35183.0863871427,40297.8950564317,90001.5850000005,37226.4469626533
"S480",34065.3549999998,329964.211636371,30750.6849999996,25676.9549999994,3070.91417270744,11350.4547076112,20745.6399999995,30359.4350000011,0,16641.8649804428,52005.8645333337,0
"S481",31198.5568571434,176657.200000006,0,35787.7383333338,4070.26313495817,4947.3029195444,7137.4841246858,11809.3238307071,18149.1874624491,7081.32188847743,6506.28031781258,12040.186556029
"S482",10812.4237032294,165354.77,2262.67163718928,2897.72938624965,7761.10421535463,2780.78217773106,29189.3294412106,36764.9800000013,43260.9693749992,5815.39206792006,4779.12539262093,48443.0100000017
"S483",11455.2031568227,265849.679999996,2706.19686606873,4826.97788787831,6957.3355627146,10664.5539467224,40897.3249631737,44943.669999999,48349.5876055259,19192.2720000002,58744.3639999993,65305.8849999985
"S484",88957.6879166666,785467.239999982,97777.3875555544,75794.5149999999,0,0,564.924888888882,164958.825000006,95664.4117142833,74528.3850666657,101868.730399999,78359.5499999999
"S485",0,317644.920000011,164182.313333336,72290.479999999,0,99503.0571666632,11510.6688000001,0,0,0,0,0
"S486",90357.4473749984,102391.816519535,262400.691714285,83603.8649999999,23616.1324851561,15443.42,18851.5244416941,46838.8849999989,128063.706106807,79927.6799999995,5795.66003145094,13034.8850000005
"S487",523552.201355507,524288.516480627,380970.353134454,109374.719999997,285956.800000001,178281.194115241,1223369.22584616,685580.413090907,56006.8880971644,247507.879999998,161968.095335307,0
"S488",204020.707699999,215159.330000001,128029.229768437,42402.32017279,33269.2128000003,46939.0449999994,182713.240124997,122174.807219113,94819.3888571405,153649.034181822,55729.6499999999,73965.0299999999
"S489",546302.375000003,138829.585,601543.288888901,464880.545999992,183698.134999999,279123.624000005,90325.4250833333,182862.424999999,77595.390500001,84198.8466666657,30062.085,75915.019999999
"S490",564324.287187495,234222.595000001,101429.944518518,30357.5567300281,48548.7790714288,90039.5383767281,453282.80725,46585.0025611134,117842.026274931,34709.2377816941,97674.0891618776,756748.920897266
"S491",134203.498514173,0,23694.484154363,184056.520000006,21725.1124915357,23942.0785113863,134965.599999998,9115.57041009635,104677.522979569,292091.599999998,34275.0649999995,0
"S492",530134.359999988,51454.0700000003,292835.39328518,726798.519999999,66917.6189859904,27010.6684133455,362777.777016345,37951.0650986818,287121.351118721,470939.799999989,71799.1336394283,40469.298367175
"S493",532655.195550307,0,604225.332180545,849120.191564365,32298.3838069428,15122.9985128921,455607.849016215,18132.6183297967,620401.475199995,747181.079999999,203839.089578947,10901.9308092989
"S494",252265.480000001,729036.469999987,239487.254999998,178347.399999999,357633.799999998,391224.959999999,19395.045,105433.453124998,14341.6599999999,35722.69,41976.4300000001,15856.8783750003
"S495",163636.399999997,451863.663,158384.259999997,61166.6897803559,224502.803875002,115580.102624998,225258.760259691,329364.07185,140970.504999999,62438.8049999996,116382.79,152905.948728716
"S496",53485.4400000001,84636.9378178046,69403.0549999991,38122.2447157144,42744.132810748,28916.4707497573,72824.1450000002,58486.1573333326,30772.8489263306,32995.1917027503,44270.7066666661,38885.5549999999
"S497",396289.991999994,250927.124636371,196484.162874998,90548.7698181815,75804.7492275728,64822.2999999996,551918.550291663,261962.783142858,180594.101207278,82902.937312787,45826.3299999994,111219.884478919
"S498",606267.309514131,632103.027427275,704964.70607819,364254.368320509,433687.04711112,544427.249381842,1098375.68984616,375438.571727497,232763.524994252,266888.840000009,360425.759999998,374416.904783058
"S499",40452.1200000014,100759.395,74600.1206218268,100551.607674476,300724.391407098,162658.274999998,17391.5067282661,110956.661321245,134690.356125002,181945.335,334610.872591942,277448.874355653
"S500",403777.837727273,614700.638399997,117602.404307693,211276.955217389,84127.0048333344,375796.36922222,1917923.20078571,248318.753466892,229061.225,148859.67,194014.737099999,1319757.37231999
"S501",24417.6593333337,64293.7205714296,45857.4447689588,29604.486876383,28135.5175217766,28415.7049999996,575378.217142858,24829.2104999991,46943.8701999997,51621.9786781666,65977.1569230771,465118.706482759
"S502",0,38865.6391018377,0,9251.50546788206,7643.08707732322,0,110365.364999997,7913.5819369022,32525.3949999996,0,0,66005.4400000002
"S503",86710.3899999999,98914.8950202193,66226.8554836571,24393.6549999997,35015.3099999999,23613.6798255455,177444.395,155874.994300003,43774.6149999997,46638.5649999992,25750.8973333324,13331.2756459623
"S504",23794.3329170058,6537.59201532042,14042.2364484519,60584.4320000002,5446.26384085027,11098.6108931351,67639.3000000024,21224.5299999995,33915.1150000012,0,20420.7109837312,78043.4199999999
"S505",575916.668444438,62957.2514870584,484903.98890843,710785.439999995,101753.162258936,29149.7153333323,685568.593067134,38942.8652801036,996386.40152381,2406269.97631999,56645.1749999992,62919.1965736628
"S506",10294.5906681078,94502.1632465088,331416.920000001,74902.8994739176,17355.5640397316,0,4330.26279987684,1334844.74541176,1634190.16060465,96732.6499999999,49242.5663109756,6380.25739503353
"S507",20958.34601446,48022.086300001,55960.8483888886,36208.6561999997,20529.874182457,57727.4145000005,23568.0213273298,49579.8929230759,38704.0150000002,24543.4105620811,27503.3235226424,25219.1245722198
"S508",152772.338000957,136256.761832897,125595.945,98573.4511848823,87233.2176596763,135089.235000001,147457.43,154917.930375003,178267.447555559,98889.2199999993,131126.771881794,191963.63275
"S509",61050.6499999992,132981.816611544,107962.153336619,106702.992988461,85676.0619103949,83120.2799999981,117741.838015953,118086.475090912,111975.800824641,67085.1460853684,84888.730000003,57787.703999999
"S510",519013.362096781,18331.6834567172,583018.839999996,1534853.14149999,106015.114254109,17129.6924558719,514406.194117524,29825.9113994256,742325.964000016,1014079.43359404,120375.104999999,76654.8962142861
"S511",504443.319999997,1297036.8198,747744.962394909,427631.641142864,393650.929777786,573986.394666667,504662.153513005,475649.126400004,765529.448270614,542954.839999999,1647135.34208108,555224.440000001
"S512",16092.1987112553,5994.99171790809,0,82439.6147157071,18321.4901044242,36982.3488702454,56836.259999999,8088.46963677167,35707.5931029786,11394.9768491586,53616.2231111105,49878.2565714294
"S513",85701.0963333333,160933.173333331,43915.8882123977,39486.5150000001,41651.0826666675,37602.2549999991,851195.948571415,34783.6941971594,107839.175651579,31142.9817739019,79614.5805000015,217878.189714289
"S514",112716.188374999,216905.87,48264.5999999994,46069.4905797927,3560.29859147615,121337.106000001,1745007.25696296,37920.0509999993,289807.554013029,203649.592875001,122331.355,871532.849999997
"S515",96051.8750000006,304453.899757574,0,12398.8760574154,5862.468855902,23849.0349999994,938610.011481479,4878.46874102836,7680.05939616867,7355.93794639116,65908.4253333325,151108.86514286
"S516",1032674.64,23873.8903808376,454926.715128489,1113977.40654545,79306.3749999995,21434.6304000002,504404.075111111,36362.602789383,277731.16000001,748746.079999995,107409.653436056,29284.2799999993
"S517",60343.2700000009,76111.500888888,47161.3792549348,28064.5418859039,48523.3921785787,28661.410000001,48227.0400000001,56404.0183636362,21657.3907916927,24930.680005651,62554.8005670214,47302.258427186
"S518",237679.679999998,97836.8533333322,179048.520000006,303622.519999998,36677.3399999995,10592.8061117594,128542.839999997,53080.1049999999,182052.700533824,387488.087999993,22981.5388121671,3130.75002168553
"S519",1242383.72832,76969.4417892058,692576.078816036,1949805.47047619,105198.675866444,55398.5731458495,745681.462470366,39054.5853749993,699592.536200995,2076359.27373914,57715.7478333313,33698.6858333321
"S520",1061769.00923077,334492.311197116,165438.267759289,140324.159999999,30973.5490052369,122883.120363554,1540106.79499999,314623.917714291,170985.64,177993.685236753,114503.438710543,58757.9423247196
"S521",102966.045,88278.2860000014,78235.9150000005,27778.750000001,54945.2038999996,50424.5442342634,116990.01,63497.9328749989,112698.778956521,37568.6790151888,64914.7208888881,46628.5803750009
"S522",47919.8911666673,31098.1149999998,25151.0455810709,41175.1499999999,21012.4334883254,10738.0597936579,51757.6799999999,13918.4040744738,59448.2856948057,4262.34966289824,46297.3949999989,25594.9025706952
"S523",719695.431272725,0,1161626.96222224,920912.267095641,45280.7101820111,16843.0767706718,1002539,32935.9241250006,531511.559999999,1003146.10023738,103527.76433766,14975.5895444409
"S524",913393.470000004,1012957.7061,966087.153888884,765368.911058818,278329.772050473,547254.968727271,13059.13169322,77985.6796363634,41136.0249999997,88195.5950163062,61087.0458423344,109900.581777776
"S525",17149.6699159722,208377.190124996,555912.706285705,134358.154833329,277145.801134762,188571.545,120388.531424833,315749.246461337,289866.827829972,199546.392937452,377813.52333069,73728.5531937182
"S526",181402.280000006,455452.559999999,210584.434087692,150846.468464548,375722.07,197145.324781713,543107.934399996,435921.35999999,205741.159999997,59900.4485463245,187699.840000007,131693.620500002
"S527",7027.31803832598,30268.6650000011,0,70050.6862222214,76142.2167272725,20100.9902180637,25208.9280000002,41950.0520000005,60581.1499999999,72658.2550000004,43834.0850000001,33883.2045135234
"S528",186296.031471292,246844.319999994,420621.919999999,114661.382064472,38727.3698425722,136037.725999997,417091.279999999,0,0,228782.114285709,0,76960.077783919
"S529",11203.1107223844,31990.7368888884,77545.481437914,595556.346845281,293326.742800964,84201.6780750423,6519.16681550295,23330.420169623,107394.809469365,637880.606999989,451884.359999999,209226.415000001
"S530",62722.782849997,56281.9037374447,87925.5699323192,49182.8947066691,57454.5327837786,54208.0988447243,63049.4706043601,164310.759818181,79744.5750000007,60172.3413096802,124859.390999998,102222.397799999
"S531",43717.5896213883,41536.6650000002,53818.9203849038,93609.7319999997,46589.8390153452,79396.3806998576,75515.1063911127,46876.4449999997,39098.9404727641,31708.1281515696,111251.154999998,86480.4546666684
"S532",255012.326400002,15433.7263685734,288008.591913607,773831.295999991,99372.8050000003,38728.6494285705,300876.399356611,17830.7956016172,275615.279999998,582688.431707875,67345.0379107607,21398.444332537
"S533",594390.030545453,0,349377.458279096,716625.116999987,97887.2579558182,41727.2818311135,211700.648719238,13009.1225015795,464717.359999999,845500.640000002,88181.4899999999,5843.36719044764
"S534",4167.59499999997,663372.199999985,102714.086785715,15507.5849999999,2216.03999999998,2226.99500000008,1037.59499999999,168357.076874997,104095.126833333,29481.4699999996,10720.2499999999,68773.9250000002
"S535",28415.7049999996,73522.1350000026,51353.9100000001,24082.228843685,28088.9154523762,22720.0695532766,38564.7299999995,33683.0375000004,16977.8301539977,0,35970.5283537574,31169.1802500006
"S536",232003.79057143,218101.529999999,314565.464083333,289634.328260871,78911.9949999995,119255.381785715,425521.02266667,165704.026714283,75136.9155000004,278588.779999999,75238.9399999995,256596.022296298
"S537",84314.5028571442,353051.479999998,129981.075000005,54180.2999999987,24855.3299999998,34043.8556250006,98006.5599999993,223276.984999999,276433.325400006,301796.78922727,10917.4399999999,48366.6045714273
"S538",143538.887599999,277728.014570447,438952.500479998,319053.880587859,386927.994023841,438889.434666669,470623.638506112,284035.983974136,195581.239936497,134705.567482861,295725.432333333,474507.248184268
"S539",94590.3804999993,112285.661446963,93635.7710081812,105991.218255829,455564.592,103343.466545454,187098.555729801,95485.8548997136,71216.3596155303,68226.8816786738,228452.279150963,98546.0151298126
"S540",462550.701879303,21853.0785837711,421819.080956475,473143.319999989,97674.8028749983,34619.7296249994,525630.877570727,58395.3690276275,461506.621807727,1125909.76971429,103355.396569445,23493.6875639691
"S541",342061.260588719,50932.9250000003,252953.982788298,475308.736000006,74958.8049999995,11119.2379420139,384789.070679626,19868.7908853254,285334.359166279,573566.239999992,73434.8047145487,38531.4774285721
"S542",345233.349437707,354677.32772547,351082.709999998,219620.063671912,239417.581538462,266466.406633384,454350.800000005,184281.879999998,60962.1608437675,155853.057708169,242263.331917612,147473.702000002
"S543",1077220.80000002,616910.882000005,295440.533333337,160321.17914286,91404.8705714301,279335.905199996,1559592.15542309,972958.070208333,757779.495894846,408814.330947367,598131.604399998,77635.9872000007
"S544",129406.72,48577.121166665,74282.724999999,65102.3649230771,44089.1800000001,41247.1479738296,324549.663363637,40527.239999999,52599.6499999988,26898.7613667671,50588.4408661835,32022.2687535776
"S545",118914.433517477,132575.844999999,97972.2439561456,125157.852923074,70702.0049999999,133359.910000001,647597.69788236,136287.102213408,159815.029185143,116823.303755027,41170.454999999,700511.735757579
"S546",77826.305599512,111333.847199944,27446.623827999,45029.4053061013,40190.7650000014,45018.2380300979,248317.261486841,36960.0168660585,80904.2400000028,70614.1785714297,55580.9749999992,245021.782439182
"S547",327022.400000011,0,279354.414116307,767338.280000004,85625.6732463935,31536.3445291194,269202.539342332,42287.9924444439,290616.066000005,552061.851419217,58962.9399999992,10774.3781744402
"S548",666014.819060001,3069606.12700001,558976.732667134,485163.940599276,674994.08676135,745980.415810972,825443.599999992,850421.677090906,866601.877425316,567283.874889483,742575.450283042,311084.439999998
"S549",1187019.03008001,437122.154968922,162274.850000006,463395.694071421,98780.7664228975,630261.242613073,36898.0049999997,12716.4779295897,21408.4157604276,27998.5485360203,25343.2422123258,0
"S550",54966.7222222216,1204045.71193549,34019.9699999998,45715.2149999994,0,16664.861141708,38985.7149999997,57264.2946354776,28599.8252007224,8514.05019189746,51921.1968030337,36600.8810568034
"S551",390849.359999999,14403.9133591465,246133.864861704,682485.804000013,69079.822514098,22277.7749999995,211026.008297771,16142.073816296,398286.240000002,453028.501981004,9184.14992516238,20899.0099999995
"S552",6233.29940033946,0,336326.416565221,90821.6449999999,44353.6360000006,34057.5299999992,3473.19424015805,0,0,42656.5735048858,0,7230.12416852255
"S553",53366.4999999999,138698.001000003,44593.1099999997,42125.3133333339,43052.8410000008,18257.3376410266,89064.1500000008,105421.530000001,158349.83,45887.3649999999,40579.5516084385,36680.4700000013
"S554",15627.7237465395,162703.804235293,7232.38976210557,38899.1066318577,17815.6084154767,5922.91575434382,27001.9417618061,85977.6703636361,143078.559999997,100845.470000001,47193.3122609426,17543.2507548378
"S555",52319.6056363648,0,0,13617.7096405174,30852.7234285719,23076.1056000002,23672.1899999994,58887.8199999998,0,13778.7641309293,33381.4499999995,24511.0300000009
"S556",27069.8049999996,0,2721.07643262352,16150.5045611196,7829.98134419975,5564.10237559025,37390.6965714276,16058.991262676,12812.6359226654,9165.46289733984,19217.3088000002,31591.09
"S557",159270.301500002,13905.0404743068,35945.8869172345,30350.1198528884,64693.4973749989,43136.094999999,186495.543000003,76971.5390258651,47273.7490472782,46761.1455708241,70050.8300000011,47673.0299999994
"S558",118526.882930995,68525.0590448804,58160.2921666471,30179.2742109376,44506.1019999989,28285.9973486195,67622.0849999991,77351.689999999,75627.3267407238,54237.3420426179,153696.61094737,25160.9039705915
"S559",7466.95344909134,33680.3649999998,32639.2936666655,10732.5041608204,27529.915,27478.6323783432,67116.4209230771,31829.1942857135,33278.2519999992,13684.5498551024,36469.195,8564.12226603657
"S560",47859.2650000001,37275.1699999991,10387.1202263642,41712.8320000007,22526.5868415522,38292.4912500007,3700.92019441912,13012.1834661712,41150.5580103399,18393.8724517091,33168.6099999992,18525.6858845549
"S561",50947.7616348847,95079.4413190747,74970.740857141,48206.6949999989,139627.675396586,124675.725000001,74826.8531066175,102738.487135435,115647.837516926,124395.876721657,129986.558590208,71824.7353866568
"S562",283861.455111117,469988.279999992,1300909.97094117,748251.046592591,1002083.91993749,811768.761081078,307258.725599998,764263.485855975,598615.039058819,596252.90646154,1143738.63131249,242521.789999998
"S563",41573.606399998,137204.623460407,197334.672281471,130548.070737765,131950.259999998,102482.46,67495.2226666659,301011.910625002,150655.146910867,312969.382678571,287055.279913041,74801.4940907678
"S564",226420.868801262,30907.1850000011,262868.013186419,466420.482666673,34394.0049999992,29370.3549999996,318634.429131919,4391.89081415501,320664.511999996,479119.758947208,16521.0856025677,9321.99270774335
"S565",27211.1195461833,1085714.89236,115037.079679999,80559.9894363173,41426.7231461477,16138.6010126833,17527.745650895,219790.041136364,60640.500260869,92157.8715555545,498228.43665,24374.1362194331
"S566",1143.68502537008,473493.879999994,105837.312615383,48502.4799999997,3764.57295188438,0,0,0,0,0,0,0
"S567",0,248734.840000009,33281.2900000012,33049.6700000012,0,1315.39455087401,0,0,10925.9267035003,2883.18456067669,0,0
"S568",1214645.42607408,25005.5371000005,268809.917139504,475885.199999994,9999.3291320271,20401.724702851,402784.717209169,25782.8136741327,234743.454480423,535192.439999996,35832.2400000012,19020.6874469882
"S569",939915.094857144,20354.3899999999,79724.829333335,239708.663333335,352761.954999995,458968.464615386,921425.361052629,408016.02775,55470.6269333326,178349.192266664,213236.251066668,732116.398153848
"S570",252424.418749998,17819.9433125002,38963.8138749996,37073.2849999999,69697.6214375006,163067.618266668,254546.03861111,160067.51168421,26746.3468124997,60031.0024999994,92772.6248750008,196593.195749999
"S571",35525.5000000012,21885.063488159,52248.2757590181,74766.309999999,139060.262427498,1739023.00940626,26159.2761793847,18200.6272234607,29039.7514932375,103751.083414556,94300.6399999994,87836.2489519245
"S572",95310.0649999978,166436.887555559,95577.8768969643,118821.167714288,77611.4824425307,56964.9204220587,138643.979947665,123506.017733785,151933.329347722,138550.308361758,101230.544649283,17622.8571411302
"S573",96147.4359399008,41587.1044755077,67833.3600000002,303544.078777756,539136.612130239,539646.547059018,28605.070000001,70908.9606107698,89570.2016763144,830604.765333338,223439.551799998,933623.866285699
"S574",57048.9450000001,29465.1840000003,10663.6618282627,22950.7249999995,37715.0523750007,0,9566.36060704257,27060.1366393314,42993.6799999999,0,0,8451.34463603264
"S575",38104.6200000013,46023.3822222232,24420.7587180358,58027.0699999999,299361.446142859,92466.4438738585,54580.6702356314,68625.7658333342,26321.7350000009,82095.2049999976,54225.6849999987,153573.23835
"S576",60499.7699999992,150873.825000001,81441.0350000007,58834.6251465662,57948.8199999996,111352.621714286,119043.290000001,175334.774999998,26777.1500000009,113280.484500001,37349.4420000005,41560.1399999997
"S577",775651.253458328,1018510.76051852,662619.963249999,438126.79278261,384566.703238096,571871.37530769,942439.256479995,843078.803777781,344850.88,223619.720000002,132851.284999998,620972.431384617
"S578",92853.0149999991,251860.338485715,66966.3499999999,63634.9903986075,59599.8950000001,72683.5021041916,216932.134095238,115594.030000001,57900.3050000003,32721.0199999998,69029.8479645003,50299.1000000018
"S579",170204.705,110745.659999999,57463.6700000001,40634.1933999997,64213.2255833333,67268.394999998,134256.654999998,123027.263097599,43414.664999999,6700.32633424526,52780.5396505872,20581.3703011412
"S580",18356.2770000004,373858.155000002,235525.274499998,130344.290222221,343636.44,381464.084307693,7295.56380000016,491773.080000003,272915.430200006,216899.834699998,833080.568142856,360525.920000002
"S581",2068.92999999999,79633.4600000028,41101.5950000014,31103.1005714291,77203.0150000002,49527.5549999997,13977.0149999999,84049.8899999994,35032.5250000012,8911.8614285712,89192.4799999999,66470.2450000002
"S582",90211.2950000002,77721.0299999995,180657.828,56925.310000002,56662.3899999992,60621.8399999986,2308.15427340668,5427.34047364729,10511.9722899701,33576.747062567,12172.5643994175,12682.6158465003
"S583",251482.980000001,126813.236399999,109892.735,151125.79,277879.835000002,116046.315000001,1028295.6168421,136083.703999999,297237.320000001,167508.209999997,340882.040000001,610291.496125003
"S584",33708.5349999992,0,30422.0349999998,13744.0860832767,21597.7227991227,27836.6549999996,40910.6649999997,23826.5531464875,21793.3840791527,20867.76686525,0,24738.471315555
"S585",203730.241166667,144960.360031844,153750.101615882,178900.315984321,182335.888399999,310998.546692307,94611.8185678332,38260.479531032,344085.823791668,250502.00853333,113085.335,411978.90844444
"S586",734215.639500002,620364.838499998,447797.65859091,125798.347090909,307863.692190476,137007.935999998,103605.582000001,94799.8750000006,62172.7549999996,30062.3693333335,37113.1684000008,47385.0699999998
"S587",220464.679999997,102223.236888888,90416.3099999994,106460.306166668,188621.880333336,63891.1249999991,340781.879999995,69406.1850000024,216577.219999999,162259.9495,341173.238399998,39973.2299999995
"S588",4961.58542119886,10660.0156364491,13955.6440183008,63071.0649999985,66475.6848333342,99524.6099999993,4556.08459337833,11668.3808919715,3254.14717862288,40850.6466153649,62936.9265634637,0
"S589",102756.088703141,77424.4426666682,46325.5650000016,40013.4309771433,8068.00855797613,45918.6744837612,1100574.85153846,6259.6214710291,68697.2399999991,20229.1899999995,71601.8799999995,224280.150000001
"S590",59613.9800000021,108237.709125002,100254.826588235,53155.5244166667,99695.1950000003,67897.5249999999,978742.321928566,15930.3588906951,102227.365000004,36954.3449999998,44529.2535950276,254232.685000001
"S591",12986.37,34899.4999999992,70687.5959999992,201395.565409091,99555.6917894734,37672.8007499993,9483.89999999999,4946.96499999999,144674.116941175,25517.1936000002,59645.7400000012,29182.555000001
"S592",58217.4098000013,50087.5150177484,39172.4728333338,16579.618023931,23957.1105083757,41846.5350000001,57141.2799999999,34209.3419999991,39638.3200000001,42630.5999999999,43926.5099285543,100361.961142857
"S593",5493.14999999993,9925.22999999977,63631.3349999996,39505.2949999999,0,16056.8999999998,57099.0250000001,32553.2278333338,54682.6650000019,31033.9500000011,7508.87000000026,10848.9895000001
"S594",128403.555000001,94358.8327500017,132621.203555554,39638.7931666672,87170.5000000002,77985.5149999999,109364.736000002,95945.4550000002,111334.100000001,58667.1550000001,101948.795,58244.6050000003
"S595",103524.750000004,201462.450000007,90610.9571250017,70146.4299999995,30461.1600000011,124703.465714288,112276.935142854,336859.99,129031.860571425,49577.8040000008,265691.615000001,96033.0949999994
"S596",682001.076533325,164242.383428572,542510.26185,469563.077571431,358551.97090909,407354.068,362021.728222221,122567.670000002,340941.978562497,181024.677428572,184714.779000001,357178.384999999
"S597",8917.45810994888,6538.53048082123,18820.9969375707,58077.1500000001,53392.8231000012,45798.1599999997,5837.8696866903,6313.64742865047,6987.19881082595,1857.61888652274,8838.56103942535,0
"S598",102710.95,222078.195,142473.726769231,71445.593594675,16408.6631429277,67141.6954285718,68318.5331428583,134127.774212761,64928.7200000004,63149.229664271,71634.7449999983,50286.2177921284
"S599",38749.6683093813,3156.03668340431,17516.9417025189,17279.6943684606,57742.2400000003,57457.5782147873,27551.8249999996,115044.715000001,31787.5391996921,32356.3750000011,35650.6999999998,36261.6053333341
"S600",539734.144615386,577686.885,599724.738375005,339415.595217393,397885.573481481,353217.03975,596970.228461536,629639.997882349,472786.852772728,362621.877545455,317945.661999999,258524.63507143
"S601",64362.4154777742,138227.060000005,80520.0693468881,10322.2606907084,28295.1999999996,57979.8818181816,43836.3431428579,174039.03661111,37522.4399999997,6000.24446116172,85589.8500000002,21899.0449999995
"S602",88917.6191374293,329534.489394404,186738.245845542,59515.4330376842,55474.5549999987,127811.225904762,40788.5950000001,76046.4799999995,62593.8078848748,39527.2050000001,32976.1150000011,137124.620347825
"S603",37882.7304143102,42677.5500000001,77539.489999999,47550.5904999983,50059.2306666677,55909.6249999999,74021.3699999999,44801.2549999994,35400.3000000001,36278.2649999995,30304.073333334,149154.046476191
"S604",50069.5754414311,107937.586285712,96860.9799999994,59739.1799999992,84250.4880000017,98480.6373903113,52261.6100000018,105975.540000001,0,0,0,58968.701682602
"S605",37921.5150000001,46895.6388571436,51527.6249999988,31739.7649999996,31203.5213687396,32069.9799999993,12621.2952239445,3514.49180952751,5507.49477934286,9101.08155370617,2645.09219687348,15027.4474839723
"S606",79394.4821666667,46610.3949999994,41128.2124197716,33940.030447926,41679.2529764123,4067.96630147026,65684.6442764589,41181.4100000002,23555.8922990902,33496.6252222333,20265.1850000007,55036.354999999
"S607",676581.566166662,690259.502624993,423308.664380953,375874.822416669,306017.039417591,333642.674011894,619021.872000006,576995.376705878,314181.404952381,303358.194285715,168744.964166667,595649.641125
"S608",106778.385000001,203588.066727273,24631.5003158556,18451.9694243537,36020.0399999998,42111.8382709643,94413.3200000005,110975.715000001,35494.1999999998,16918.5271401469,57995.6362367387,50737.2999999999
"S609",303392.420014341,479726.011636362,497824.796403031,289109.349169022,152814.825489132,362800.059599995,310506.782216379,671492.070857146,707079.458666663,454524.514999998,309291.762545454,193095.374281467
"S610",79192.1299999989,164176.972416667,119069.895,66760.0505608853,37871.4350000013,50538.5449999997,272743.21261111,95994.7144976624,117907.1,60688.1227587584,35106.1447580949,75855.2958333343
"S611",32682.9187479731,0,0,0,31238.3119999996,16717.2137849331,0,35625.9442499994,33725.7500000012,0,4504.91856068579,81959.7106666677
"S612",44863.8550000016,56133.7907692309,75249.2743636366,12150.2010269699,49967.7635636915,37981.2752028762,97888.3919491326,46893.6077026843,45243.4517614102,37231.220785436,56555.9699999994,67958.5600000002
"S613",184593.315000002,111246.734505125,82660.1699999999,20468.1219325012,60524.0964689668,40894.8677930675,150103.255613415,122185.81,52507.3149999996,26897.1503488215,36320.5199999995,97235.5716072079
"S614",11542.7711458627,132566.454999997,0,0,0,0,0,32907.2549999992,0,0,84902.8149999994,57390.1149999996
"S615",108944.345000001,63233.8250000004,113251.225000001,48443.0100000004,18240.5215263415,17624.8593160705,74382.884999999,45914.6358690004,49249.690615772,38040.4550000013,21678.6331710952,46968.5751111121
"S616",61763.1963818658,49757.6099999999,40494.3749999997,7330.81073693493,29260.4433313845,23357.3055128963,54704.5750000001,59972.2375000008,10635.5070235947,41195.4949999997,24387.2601671048,14643.774955883
"S617",128387.905,520723.604799996,69886.6399999984,70500.1199999995,56498.247000001,56332.175000002,34747.6949999995,153983.699999997,75833.639999999,52058.1599999997,39655.5350000001,52761.6197560762
"S618",135217.564999999,10244.1977333801,27093.5191488241,18833.0676679606,20381.7365961889,39583.5449999999,28079.2299999998,100778.844444443,21873.0068910829,42957.6850000001,10440.1150000004,28658.7245638107
"S619",216656.286110966,118723.905000002,59572.9132895133,49658.6191111105,68766.800181818,47406.9800000017,171077.218244664,100074.820843259,59269.932704723,30143.4790568472,9028.61435546068,9628.6909960963
"S620",54577.06488889,531129.052315788,28998.2807273016,22868.3974647896,20845.2211584578,20366.4322980718,19419.0242375576,37725.8899999997,28243.5549999996,17605.5141598206,2871.19477585991,79863.643058823
"S621",99837.3975384596,96344.5299999994,118823.823066667,106763.767445064,31163.8450000011,70931.239473684,87875.3946000019,87167.3700000012,83827.485272727,123977.564124999,31913.4799999998,99894.5267199995
"S622",68919.544880439,154604.785,510720.699000002,669070.088000008,127783.815,48256.5800514529,89813.0170908263,45789.6189362855,294448.2618836,0,31620.8676826101,121459.843505728
"S623",26750.6088423934,21594.1408620972,64972.6217777791,68909.3771692857,52144.3971239609,56079.3582222216,38671.1910000007,28434.1058206914,50182.5673126017,43719.8784999985,177899.810000001,25814.548813664
"S624",44734.571142856,880379.115717954,314240.643111107,509388.18158621,19603.1900000002,45567.022909092,43992.1499999994,545834.440000003,659481.163862069,199614.184999996,51234.9699999991,61032.6649000013
"S625",137056.056821795,390486.280000003,631992.104470584,187325.805000007,68355.9118655123,44973.2107547956,93645.647375843,398486.524053341,342703.758691084,218371.929148427,60577.105622705,54746.5514822201
"S626",16503.7813175023,44514.8599999994,36320.5727999982,26697.435184396,56022.305000002,40092.1699999995,4052.94341464742,69345.1499999999,46698.4668571417,55955.0099999999,54127.0899999993,50821.8100000018
"S627",427387.415000004,96083.216039826,36585.6980181717,39861.6174934677,57488.1664000013,91167.5099999999,409620.205167033,51263.976092655,33135.7449999996,39128.0715570487,114867.671600001,77039.8746666677
"S628",13508.2410874272,83201.4201685704,27435.9751223885,27152.9880000004,25828.6336885757,36457.3029502352,38364.4099999995,53989.0499999996,28224.7749999996,13459.9818485583,46091.400097573,32855.0950948563
"S629",60067.2575062975,198195.566981106,159356.124999998,211790.895428566,368046.199180865,498880.498909089,88931.0099684908,134472.154383802,138802.704373667,264305.380725715,565127.77904762,251625.640499996
"S630",19712.5054285717,282814.28000001,11792.7634285716,7532.34500000026,12235.1699999999,10182.3704999996,59730.5971428581,51715.4249999993,13376.3988571431,10984.7349999999,21872.4399999995,64632.9350000009
"S631",142598.105,138857.189538462,225425.730000001,190086.465000001,92224.7874545451,10829.8000000001,244180.690000004,69173.6765454543,193171.08,265431.825000003,93388.5372999993,54795.2918181831
"S632",11003.5149999998,601303.8684,59480.9549999994,39541.2615000007,15395.5756363636,2067.36500000002,8480.73500000007,52962.7300000018,117875.799999999,63936.5100000004,42039.7178181817,65953.7950000007
"S633",0,98164.6087499983,91879.5850000011,5306.53822222233,38249.014222223,36185.9300000001,9612.23000000003,70606.2217777792,57329.0799999992,29041.7049999996,21083.7480000004,60383.8745
"S634",294157.399999996,534460.444319997,379780.609110134,176062.527999994,56807.9349999987,140889.440348194,453077.174727271,402699.329166665,268153.36,533909.4162353,106734.072013216,67159.4690080583
"S635",16678.2050000006,12823.6099999997,50666.8750000018,154145.856583333,4760.72999999989,12313.4199999997,25144.8549999997,11848.6656000001,162720.035,101502.769999999,112664.975499999,4860.26879999976
"S636",382684.755000001,298674.704909092,81514.5900000002,100749.111555554,67752.8280000013,67683.1199999991,9587.18999999999,14005.185,7147.35500000002,5959.09688888901,7164.06133333348,9501.11499999999
"S637",473249.281079442,477275.045571431,260508.180996545,161584.167111114,452121.628000001,295206.015818181,364051.225353606,298073.383981524,247387.249631304,13918.7260363169,200116.222420067,147617.059999998
"S638",0,8575.59111111129,193258.720000007,829395.516444441,421355.722666662,142044.094999997,0,23426.3866666671,625186.199999998,309624.854399998,403991.715555564,516504.674999992
"S639",39915.2666250007,56972.4041250011,22571.9949999997,5305.60667100232,10685.235888379,13711.1354407115,31074.5712395779,39414.5066250007,22869.4918149164,7238.19880475983,20780.6083840719,4577.47622021275
"S640",58819.8566607554,135277.120500001,29830.5305972139,8228.47348060304,41987.7537623092,0,43962.4149999997,58194.5868333341,20264.8769858795,33237.4699999998,70818.1938506447,31894.863302436
"S641",162759.798488446,45216.0409362285,43502.1299632205,17006.821954142,13013.462652441,23328.7447077512,22736.6342223722,145036.842562499,88729.2400000007,32296.9050000011,8401.03247548743,25229.3649999997
"S642",450461.2625,47736.7263999994,128473.0053,142172.424999999,153438.583466665,340124.579999999,383546.354285715,533041.025599997,22866.4224000002,124827.53,98152.6186666654,71304.5299999995
"S643",157862.169642858,8659.14499999988,9779.6850000001,21460.8450000002,29781.9499999998,65211.9849999991,92956.7571428576,68051.4720000009,19262.55925,27619.1199999996,34957.4049999995,65126.5919999995
"S644",351987.328000007,226647.995,237047.264999996,245756.224000608,59229.7830222752,102999.0324472,191644.799135074,88950.2302241367,210509.140378456,232702.744015569,103666.884871785,43846.4266311926
"S645",31029.255,26310.7799999996,12053.7460385725,37567.9541249993,4239.16891939079,0,3440.49510811476,16800.2450839669,13339.668742914,29074.6033333337,17694.4038584629,0
"S646",314535.265000001,292659.695,146092.750000005,232821.919999997,224183.120000008,163534.674999998,85787.040000003,89993.5649999968,23609.5899999997,66057.0849999996,156548.515,88375.5500000031
"S647",251639.479999997,322376.769000006,211162.319999995,268246.189636165,330415.320000003,262252.201599998,529783.800000006,345464.871111118,859935.214416671,196075.720000007,359630.369333333,142339.465125003
"S648",19482.6849999995,111628.320000001,30759.9288333323,31259.3099999996,6567.61601842379,22400.1120000002,23654.5009159085,77894.3196428575,16227.154926572,19383.6336670824,19652.7329742099,42210.0232914963
"S649",281797.164958282,153733.079999998,0,0,153390.345,463764.889818183,190529.359999997,189974.1458302,188820.379999996,23935.6174446585,136085.603015749,84037.3700000029
"S650",183038.528499999,618877.63352381,55365.0049999993,6751.40999999993,1093.93499999999,4252.10499999996,186468.409230766,242958.29057143,17642.9427692308,10041.0400000001,3790.43000000005,23816.5643076924
"S651",302656.44825,285000.694222219,181070.500000001,169447.245000001,259701.88755,183777.950000002,251088.600000001,269076.730500006,113162.020000004,149479.409999997,139106.103111114,154341.392300003
"S652",6924.94758206601,185576.135,11018.4970191393,21499.9699999995,0,2811.69804161541,11319.0798152907,77180.709666664,42832.4849999999,39636.7549999997,46136.0542222232,29619.478393331
"S653",0,146802.488624997,3744.99919588638,35783.7249999995,0,8714.77254978047,6197.24703817051,32767.9700000011,10425.2830242594,12795.7978517378,37084.2399999998,50130.1985714294
"S654",145305.659700003,65587.5849999991,35699.0252307693,20360.6500000007,117200.999746503,105595.370727272,127662.977100003,143507.369999999,45785.6400000016,27230.9999999996,192174.29505,78655.3349999999
"S655",241289.845052631,215280.114000001,49211.696181818,46457.0250000001,146023.401166666,173457.672500001,253857.536636361,155046.114999998,29757.7839946286,35213.9802857134,238410.341894736,140538.565000001
"S656",6881.3981730738,18280.3372142907,447289.449214288,363442.821843738,507127.294999999,30477.6096000003,14976.9083482375,18108.8153283374,347262.920295081,319114.99329924,291005.800282324,78258.0366949296
"S657",2282.34767738327,16277.7955960218,75561.1056201391,92314.2996491634,100609.154999998,12296.2049999997,1948.8299096455,12532.7184959162,34378.3550000012,52540.1799999988,94752.9250000005,12054.8874500254
"S658",165540.301874997,47586.9549999999,143607.013874997,194233.245578179,45677.1363750008,2804.7948687924,137326.234599999,44153.3449999994,97017.4800000034,120815.020296395,25278.3203551265,7793.00521729882
"S659",233156.829999998,147559.122333333,25457.193710087,37296.8051428577,20710.147674456,6661.26955985807,501535.93904762,36624.3344999993,55061.3949999987,134811.444363637,121644.371699999,169657.192166666
"S660",120439.914421052,49776.7767105918,12746.743754618,18984.0367125417,9335.45084047793,8792.63535361405,97959.6100000002,7949.17159457584,10939.3046193845,6350.21706927925,59812.0428999996,31275.869333333
"S661",0,0,285017.799999998,0,530220.97723077,156734.749999999,0,26779.9435555552,458845.479999997,225796.634999995,190554.399999996,224927.871142851
"S662",4117.94022953756,4330.86958864197,22027.765122542,23794.6456839702,56206.1856355136,10674.4560103228,1364.77818648056,65346.0502499988,270671.363599998,226694.410848435,90028.1900000002,15145.7989619767
"S663",19832.5507526369,62082.2720000013,20149.4660034964,28826.4832282532,21510.996289884,9382.24388351011,25717.6449999997,39006.6974000008,32414.1656395437,14186.9320164991,73924.3207999991,13334.1618956474
"S664",74747.5299999995,128465.913826119,111748.533228627,166614.185478211,104291.051243776,235279.479555553,213459.904124996,91521.1999999979,141116.049999998,130607.597249998,161907.074999999,210711.599999999
"S665",74429.770265075,45975.0049999997,104451.23,326679.665000001,197574.857999996,186737.364999997,70537.3632068712,41399.2993247892,170074.849851416,209357.875000001,53112.5480253334,195830.711950162
"S666",170522.482857139,78667.8549999999,78843.1349999999,78911.9949999999,274875.034999997,73583.1699999995,409144.332666667,60704.7849999999,163554.475499997,72727.1149999999,299312.510000004,264172.923428565
"S667",45785.931450421,402209.281687503,28453.2649999993,101800.748076923,23847.2938662196,20021.5445329112,52137.9750000001,48589.5939469428,29405.9201514564,34695.8849824991,27111.1499999993,9754.39176920262
"S668",42618.0799999997,50155.0450000011,51711.3663968696,35343.9599999995,147109.165411766,42523.39707938,81696.1299999989,18418.3250459908,19899.2072370445,23289.4882646822,70278.0045946678,56296.2250270546
"S669",59401.1399999996,63083.5849999981,36165.4134285705,22586.0799999995,76636.484999999,13736.1070000002,121426.784999998,40661.8300000014,127364.395,38972.7671428578,132735.877428574,286986.57
"S670",0,0,132926.597785715,18243.205,89646.3299999999,86921.6649999999,11445.3651428569,0,86790.3511666678,44300.4549999994,73032.2899999983,343413.665466662
"S671",62480.9712198238,10362.0956457977,10493.7055427075,0,13519.6376880896,3691.42544468284,173740.039999996,0,46017.2599999996,4804.11164491494,58940.1039393803,31788.28
"S672",198909.09466666,47120.5849999994,138610.257818181,92050.1699999988,91546.2399999988,49843.071333334,235663.900000003,81376.8699999989,187468.320857146,61055.3450000021,200895.919999997,81951.2250000029
"S673",43233.8731428561,0,143310.959555558,32098.1500000011,77541.0549999999,190425.569888888,17060.2672500003,318369.514999999,94925.3175000018,50887.5399999999,70498.5549999999,19287.06
"S674",172806.651272727,173802.640000001,167487.241333327,128308.369777776,97984.6500000006,148874.139555554,47465.4874166667,64596.9400000004,22508.0832000002,24951.2675000003,17454.445,30378.2149999998
"S675",34424.1946393537,0,163999.48,34523.8999999992,56322.91575,0,21423.3002110495,0,36340.8650000001,70168.3400000002,92544.8560000002,26975.6543311827
"S676",143347.646869285,185452.500000002,268607.437437502,693372.490370369,72954.0502647204,49325.3348465127,305232.721461588,287163.893730235,271945.63326471,301689.989999999,57755.1168302715,27109.3647254529
"S677",285056.924999997,145485.623199999,93594.8249999994,70042.5401666666,102983.842062501,57296.2939166667,0,17175.8750000001,5137.89500000003,7765.03379999994,0,0
"S678",41953.8509166667,265127.702769231,118051.079999997,72007.214999999,35015.0104166667,37223.5250000003,37220.3950000003,293872.049333339,171583.469999999,58031.7649999999,42485.0550000004,46138.2147272726
"S679",80348.5068750015,99291.4250000003,201331.65652174,77622.4350000002,30207.6300000001,46259.8350000003,226340.28345,83947.048999997,51741.4862222233,66892.7949999999,33328.2400000001,71173.2168999995
"S680",238853.685777783,227651.159999998,40362.9150000014,18999.1000000007,1734.01999999998,11181.9249999997,0,67157.2799999975,70788.0799999999,39541.2899999991,10663.9099999998,17297.9449999996
"S681",71943.0499999983,23212.0800000008,71846.0555233742,38619.2640000003,180574.394999998,36588.9330000005,195036.560000007,26558.0500000009,19010.0549999996,45103.299999999,104989.362833335,55878.3249999996
"S682",45908.2139999988,207301.465000001,244810.306461539,5407.07499999996,11232.0049999999,23835.9039999994,65186.9449999985,182832.690000006,131272.200000002,6835.92000000024,1125.23499999999,30016.7000000023
"S683",19507.9048888887,58264.9499999978,90076.6372777774,3521.25000000001,7394.62500000002,0,33828.2031111107,61542.0600000021,35929.1199999991,932.740000000002,3194.16500000001,6820.27000000002
"S684",57040.9363636362,37481.7499999991,92352.2390526328,13590.4600000005,8184.95000000029,21999.2079999997,37010.4362857164,35336.4423750007,57591.4497999979,5004.87000000001,6749.84500000002,14606.145
"S685",104726.297867489,90244.1599999994,54657.6249999993,18633.2758414051,50396.6733052545,61826.8899999996,110942.850000004,90096.5110909088,248908.350599997,48125.3149999993,90800.3070000017,430880.499954541
"S686",57422.9799999999,119533.134999998,109252.65,26753.675,65523.6982857153,19801.945,58615.5099999996,221718.152444442,56239.8399999999,4466.50999999999,83478.6649999999,100374.212249998
"S687",0,0,20842.6699999992,8931.59300000002,6557.34999999975,6945.47000000024,26027.5149999998,74838.2999999995,12291.5099999995,2264.19325000001,0,21503.1000000007
"S688",96929.2177777797,122664.7,47779.526800001,41570.0036000009,122207.534312501,83488.9798999994,32152.4353999998,218707.185000001,31542.1243999998,44408.7321999997,90300.9895999993,47068.9399999999
"S689",3466.47500000001,57300.9099999987,11389.2613333332,17177.7853333337,34124.8397142863,55573.8991111105,0,42876.3049999999,67354.3826666659,5913.6626249999,166989.811692308,55041.0499999999
"S690",105536.759973509,0,7096.55925864551,9739.82221053915,0,4287.33277430227,127816.679999997,0,93083.0700000005,45816.1540729473,183300.625,23048.1869014922
"S691",12534.4184638138,9265.96941931388,21866.3263435467,243837.490416667,121594.353200761,30868.7242499995,0,2062.76317201647,63611.2574116627,236934.594000004,247878.10525,50519.079333334
"S692",75780.4299999995,125678.683899999,116398.759764705,39759.6452727271,35724.2549999999,30163.7273333337,122843.109999999,3135.95816049256,43697.9300000015,14401.0312010651,40511.5900000001,416874.683217393
"S693",39536.5950000001,19870.8050000007,48031.4150000005,3074.79996263443,14298.7281281148,19073.3472000002,31544.7502499994,41043.2605672975,26451.6299999996,17149.1895510025,45183.1150000001,30662.0697216728
"S694",378155.093333334,501318.568666665,386616.395111116,174605.340428572,419685.446666667,347001.391444448,302699.600875003,274950.154999997,280904.980000003,128843.32,302774.289999997,373533.644750002
"S695",65462.2972307694,65391.9600000023,76799.2450000002,10896.3213333339,17438.795,8152.99875000015,30314.0499999981,65476.4700000002,30958.8300000011,2305.06087500004,6213.04999999977,4017.35500000014
"S696",154911.735384616,133749.594999999,165655.250000001,5511.93000000042,0,4963.78349999973,120826.635999999,90320.8449999979,79455.6214285694,2555.6449999999,7483.82999999995,36115.5050000028
"S697",26633.1699999994,39578.8500000014,39752.5650000014,1234.78500000004,2167.52500000008,5340.85742857174,50921.4844444438,60878.5000000002,28375.0149999998,2305.03457142851,0,3497.77500000012
"S698",187768.294222221,0,12061.0893669331,19149.5868435456,20095.2177459918,5733.82041848607,33398.6649999998,0,79230.281999998,0,106379.309999998,33122.7512323626
"S699",25808.7117193587,134527.399999999,208238.669714289,48710.6250000004,17378.9005571151,12564.8866626404,30010.415170563,127596.014999998,57523.8572940786,63554.6893179994,3699.02493726268,8817.23532921705
"S700",72830.6563183265,99036.3299999971,42913.9893333318,42494.4449999997,41002.9999999994,50351.1961007016,55702.9694358027,68320.0749999995,31549.8894872793,31702.9830369918,37004.4249999995,62758.4898978099
"S701",23035.4208000002,59203.1010381408,29596.5851741775,15890.7854849627,86815.2449999999,41460.8900000007,33664.1451152173,42587.1795896062,33153.2465687225,22158.9849219711,40943.9386063857,44117.4338251788
"S702",109275.441333335,312950.187076917,81947.5157951676,54302.6083333333,129118.87534858,72005.7436999995,351782.288874998,181248.910000002,98181.8221014317,25230.9300000009,116072.920000001,159299.632761905
"S703",39556.4588571435,69750.2275555547,33331.4571428563,23234.578546031,35336.1349999995,25041.6044294325,28287.4982333179,41485.0199999997,21909.4915496419,7517.19767374323,43774.7495286451,42092.2399999999
"S704",36999.4822857134,182723.14,0,33578.6400000012,1599.42571281722,10606.5363311947,0,10690.2068855606,6801.55859223055,1401.82655307645,12476.6442190591,2806.7123879033
"S705",52790.3365999996,13983.450833288,58485.0076999996,59695.5342336165,151003.503916667,131960.557119999,92290.3177723291,62875.7783684552,41838.8693333328,52700.989082468,142381.809246325,110622.191129311
"S706",0,125379.975000004,77315.2853333344,96839.0700000034,0,1376.87281800134,0,0,3298.26287599925,0,0,0
"S707",12510.6580340639,74220.045000001,0,144058.249999999,49358.5109000011,19191.0846761003,13393.7534484214,109710.569428573,111784.820000004,29479.9446724765,73007.2944120578,39427.8224357075
"S708",0,0,20217.3301183716,33872.8599999992,29678.660000001,32101.2799999998,79531.7349999999,0,31714.7250000011,9423.29110144767,47910.6382222217,23547.1104000002
"S709",69712.9250000024,122082.037333329,88942.0799999994,39358.942295297,79303.2449999977,69035.6068630524,118625.435,114026.943375042,59425.7289133998,30913.6837972779,90447.9381659297,68419.8813795734
"S710",173829.244999999,81663.7824000007,56280.5299999999,9247.38077218983,11310.2191750807,26675.6918090383,182810.779999999,109044.222857143,36696.4571740342,12155.0660793626,8429.25088101177,0
"S711",157693.853333337,180029.711606912,106067.582000002,96918.9516999993,108967.891054505,120849.138132168,192844.240875004,107262.932283202,94214.8642500018,63688.8476249989,103278.096844396,69547.0350000024
"S712",353333.777866669,184605.795733335,287894.096608697,85827.8960000018,82119.6924000018,82931.169142855,121211.911333332,64661.105000001,157065.32117647,84040.0498666672,127472.787894737,90863.8999999988
"S713",94052.3494301148,0,44200.3794369777,166390.800000006,9469.44771385726,0,70691.0499999984,7727.24442129955,115970.785777776,217322.16,25338.9149999997,0
"S714",144726.740500002,26938.7848266523,38700.796167219,48353.3096604108,140926.155322984,180328.689999999,118354.951899999,67278.7969476283,34947.8500631707,51081.6418956422,83400.4149999989,132177.713599999
"S715",29401.2097603277,41438.0700000006,203501.445700954,75990.9128373487,14255.7854051996,34855.9820455522,33456.4296410715,42749.2552500008,146605.314375003,285476.882499998,65602.0346638584,45254.0423080697
"S716",110274.590222221,154437.330000005,125643.813750002,24404.6100000002,50244.9852307671,73526.8299999995,94732.1137777767,126096.745,191366.101499999,27126.1449999994,8280.41500000029,97737.0403333329
"S717",98263.6748165745,95497.3532283416,48874.5216316098,48353.4930300476,281327.183772728,297553.29413333,48136.2699999993,45585.6986028339,5747.61489923354,52604.6190232936,291210.239478262,169974.65
"S718",133382.635506321,219779.209999999,156525.992700003,62128.1912515522,35307.9650000012,152889.2285,277473.460235292,113192.767271615,40897.1209440828,12081.2386767757,49336.6249999989,106326.175422715
"S719",166193.46923754,303738.329999997,90367.1349511144,102188.25588986,65470.3665588772,134709.344363106,245746.830437498,158869.410000006,155428.653835237,86493.1702132825,188655.927999999,92425.7699999994
"S720",111705.734444444,63064.3481666644,173544.637499997,75229.5499999995,32926.1591428563,29024.4899999998,62393.4200000022,205054.779600001,134371.793500001,34931.0304000003,20072.8397051706,38837.3416780643
"S721",46489.8900000016,38206.3449999995,24850.6349999997,5252.78562477386,15222.5108962273,9809.33180826289,40448.9899999997,63382.4999999989,23277.5621029727,10751.3800077947,22245.6906886434,26136.466170061
"S722",64522.0050000003,35937.0950000013,18304.2688350876,30696.3191127098,10191.9199471714,23571.5545303234,36636.6500000013,33198.345,34019.9942857148,9558.5922148639,8559.47787563043,228045.700703705
"S723",350800.150800002,114106.634117118,142685.281090909,70706.4022528967,43834.3366826981,66439.4046960514,161112.996857139,107833.18144362,88249.1538148246,61113.9747743078,81031.0049999999,47663.6399999994
"S724",56235.348000001,48705.9299999997,87065.6841666677,31368.4609716494,16300.1664739504,24728.1150056467,34129.1453817294,69314.8709405312,36905.5908571419,23021.9299817195,33924.5515468717,6267.27737819153
"S725",74220.8429217072,111755.019200001,75685.4020032341,21099.3300000007,67620.5635714289,36474.5013640767,81335.5718622018,79912.615999999,79760.2363061714,41361.8037407181,46653.96554576,33242.0240997009
"S726",90815.3849999988,171870.827332294,159050.853291344,92136.97293573,63587.0024999978,123202.321729373,372309.585812503,182431.045714281,179646.350000001,189396.056666668,197688.705818181,120642.719999999
"S727",103557.614999999,162301.454999998,46683.9500000016,46252.5975042814,40588.2749999991,32270.3000000011,90783.3092727958,70716.0899999995,65807.0090067926,34918.986579706,96790.0958333333,153436.542999999
"S728",26004.0943636363,57653.6364444438,141535.07290909,24415.5649999997,276433.775,206159.622533335,41344.6579999997,175954.514999997,89590.6586250017,34620.9300000012,80409.7000000005,362063.62690909
"S729",37220.8012266293,35924.9031207287,22704.2334962299,25842.8449999994,22819.4892587755,33522.1799051196,120002.635,33392.3156142156,30957.223703908,33195.2149999998,19830.1149999995,23277.8280358398
"S730",107675.632381405,251198.622444443,89976.5449999994,97646.6100000006,115277.134379195,62394.9850000022,368054.890666667,108133.94041141,72853.879999999,41680.3371837032,100842.109875002,172198.480285715
"S731",336302.006857143,125378.410000001,120117.310833333,43606.6951964265,19170.1752515988,17227.5190524737,67856.8350000002,215075.203076924,103162.859076923,48774.7900000004,30334.1611126916,7296.25201494184
"S732",75224.8549999995,36946.6987499993,43565.504181818,32295.34,58546.878789094,167079.453130433,43775.211439174,98218.5087807419,32902.56,52430.6299999984,22731.9297335523,57718.1908571414
"S733",4533.80499999994,29268.630000001,32829.8442257602,25273.1849999997,20105.5550000007,17219.6950000006,14070.9149999999,29450.1633333337,49804.5599999997,32974.55,12435.4899999998,27141.5187455014
"S734",44153.3449999997,83070.2000000002,34666.315,30271.7949999998,22465.5749999997,40198.5899999999,11391.6349999999,51179.1308895614,36757.155,10285.1799999999,37076.4149999991,237716.510153847
"S735",1876.43500000002,0,230993.549599997,70394.3310000008,34068.8936249994,0,500.799999999995,4716.65883333333,6854.69999999991,76151.3349999982,7668.09166666666,3790.43000000004
"S736",31543.2384000003,117902.405000001,55404.4890000007,27561.2149999998,62473.2350000004,35273.5350000012,194332.411799999,103761.065000001,30799.9584000003,82870.2229473682,48673.0650000001,169458.290357144
"S737",93425.9500499999,237288.554357144,36797.0559024218,73243.5650000004,8308.14349009727,15133.703453863,42444.1046250008,42234.6550000015,32465.925,14858.0989096594,37025.0427554961,11221.7453378651
"S738",113099.42,174431.02690909,43703.8289999992,26819.405,0,68744.9587500013,11759.9014285711,130577.34,91231.1614374991,27897.2544000002,95100.3549999999,83606.9949999989
"S739",107346.480000004,226029.819999998,141317.935,75037.0550000002,79550.5150000002,92031.3900000002,53217.1764444438,52053.4650000001,75623.2555555547,28914.9400000001,68648.7250000002,62163.6462222215
"S740",299149.263913045,240989.655000001,311284.297125002,67634.6049999995,136799.78,267308.65852174,67805.2600000011,311436.429760002,243188.763230768,90184.1459999997,96363.3099999999,143385.300000001
"S741",318248.716190476,84148.4849999989,60559.2400000021,95344.4949999991,44476.7453666077,37297.5270030413,111564.155,126294.925428573,124909.751142801,214473.28396154,47142.7268530163,41864.0851807761
"S742",56083.9707881323,0,76524.3297843048,47875.4164165642,26983.4226378444,8699.95177682194,45883.0258732769,109890.407800002,0,14885.2291835998,38727.5264999993,34760.5683750006
"S743",98208.869428569,10920.0434123545,41144.4011649718,20343.9824190081,23239.937482768,66054.8127272725,102423.036166668,34802.9788601362,53747.9528062932,58430.1525148116,50088.5189999991,24467.2128000002
"S744",23748.8750000008,54997.4313333333,21842.7050000008,31087.1599999998,18351.6557631066,25003.4079854326,4974.50997709695,35901.0999999995,62775.2799999996,0,3973.75349570731,98093.0699999975
"S745",66931.9199999991,97047.2149999994,98443.917199661,55116.1699999996,85270.051128658,50829.6349999993,24762.9949999994,83606.9949999989,88129.8450000002,82460.4916923079,0,37079.7131249993
"S746",24102.5650000008,32696.3634963737,26024.3849999994,16502.035504469,80406.98325,21389.2512000002,43296.7558405628,32649.0299999998,17644.4659538243,9597.06444510298,47019.6262959069,35504.1541811148
"S747",62384.0299999992,245496.604714287,89392.8000000031,78930.7750000028,49255.2449999989,45568.1049999989,155856.785,153099.255,60912.9300000021,68280.1519415045,83447.5720000014,53423.8368000005
"S748",40234.9946666633,63792.5300000049,74606.1291428553,13075.5749999995,8161.47499999969,50092.4489999982,58344.8108333341,84076.4950000029,128999.401700003,10172.4999999999,13371.3600000005,61078.8200000002
"S749",21728.4600000001,117274.338222221,242275.703583336,71590.9249999995,40547.0134285704,69118.2250000007,44389.6600000001,73387.5450000002,160165.23,105156.585299999,47315.9804444439,125301.724999997
"S750",54324.635624999,291022.79685,139519.75,86636.8349999999,155103.338076924,59086.5749999999,65244.8499999999,55897.4115000007,190728.447099999,52540.1800000018,93853.0500000002,83911.7272500016
"S751",83474.4693333304,151141.439999996,112458.312333329,52903.5022885764,8313.56225364436,0,54483.5134558081,28595.5437052788,0,25823.2899910936,10846.6666021251,0
"S752",33341.2184163559,0,124546.601310344,69986.8000000006,11238.8391612455,0,38089.6659999997,18945.6257684872,78345.8721914651,70743.1665574463,30609.8349999993,63878.6050000004
"S753",74789.784999999,44408.4400000001,134985.144199999,40252.8202857133,41100.029999999,40575.6438749993,22182.3099999995,1541.52499999999,17441.925,6727.32085714269,8589.500857143,11227.3099999999
"S754",26735.8987566552,72176.7899860965,21489.0021582865,0,22727.7589803568,31624.8541162525,240675.591619048,11010.5735100338,69417.1399999995,29101.692693511,37959.5097777773,103988.226873061
"S755",81156.9511666677,64312.1099999991,94223.9549999999,67573.5700000004,8798.42999999994,26875.7449999994,107292.524625002,99936.2050000035,181196.170800002,137973.038823531,17169.6149999994,56798.0548571438
"S756",42059.374999999,42076.5899999994,68604.9049999995,5150.41500000018,3158.17000000011,0,73716.1949999995,113813.059999999,27765.8112000002,11183.4899999997,0,1175.16480000001
"S757",37045.0018296388,48447.8098828654,17761.9649553414,55052.4188052636,101518.982137523,67584.0646999806,69739.4234285726,64421.6600000005,32507.4821888118,40690.3753990026,170743.461777776,99098.9299999987
"S758",37885.5200000013,115668.762222221,95962.6699999999,27323.5548333337,42438.2800000006,23803.6499999994,41578.9200000015,75847.7249999999,17019.3749999998,35423.7749999995,27808.6531666657,88699.047272727
"S759",114573.888000002,47355.3350000017,48998.5849999993,53449.4450000003,27215.3500000009,27775.620000001,77323.519999999,90184.6900000002,7660.07378378309,23064.9700000008,34747.6950000012,0
"S760",89004.3797142835,77556.7050000027,13567.2861013002,20532.8000000007,0,0,0,0,0,0,0,0
"S761",38903.3745511576,68268.4299999991,24790.9495244208,49288.8678749991,57623.3000000001,34983.3829614503,58391.8518545456,93367.9000000002,97792.0430769211,32615.1264000003,31209.2299999996,89167.4399999984
"S762",241326.611809524,45775.0943999977,105581.159999998,23916.3299999994,20826.8032372099,14929.4248018537,106424.695,51649.6950000001,69521.0043043115,51035.2713846155,14474.4299494111,17502.4184764121
"S763",105872.359636363,97244.0828333329,29356.2699999982,17000.5950000006,6587.08499999985,10895.5300000004,18425.1326000004,18760.0212000004,5222.07130000011,1564.99999999996,3723.13499999991,5627.38040000012
"S764",35361.1749999998,36717.2493333338,60623.4050000006,0,23639.1169728355,11206.3116395478,14825.6077938787,35851.0199999999,28686.517646072,2246.49741966501,15358.7395463763,13022.3912008485
"S765",125201.565000001,41619.7848888897,28509.605000001,5202.45338891328,22261.2275312084,16594.9172014284,84006.0700000012,36533.6146999448,29466.708274961,3663.16662037463,17875.0097722488,14839.9940113653
"S766",23748.5954532063,23902.4604415585,23624.2153474945,62476.8964785593,48004.7344313837,61079.446307457,14232.4528729502,45333.2216666673,33927.3097900027,13322.3077598862,193906.488615385,36297.0449999992
"S767",0,0,0,67958.5599999995,109819.180000001,65600.1422222214,1962.35324999997,8153.64999999999,9206.15962500017,5145.71999999999,6499.44499999999,0
"S768",56078.6449999999,82961.4334885764,63459.1849999996,30034.7712000003,50211.4600000018,172670.482461539,31295.3050000011,68630.6217278095,105480.078083333,146118.240954546,52388.3749999997,139178.580000001
"S769",33807.5595000006,11623.2549999999,20348.1300000007,13617.065,48482.1349999999,12634.2449999999,45124.7354999992,24320.1,105221.357454545,35320.4849999998,66191.6749999996,92119.0299999999
"S770",26456.3249999984,85303.6582222212,55704.6100000019,1984.29320000004,26068.1042000006,38910.1728571451,38105.5363636362,114486.010000001,63733.0599999991,17655.0764444442,25654.7884444458,28041.6699999983
"S771",24060.3099999994,44841.3596198412,69025.3443333333,35235.8882857149,0,33306.33,66089.8313846141,17844.5841093804,26911.7399999996,23312.2399999998,29453.2999999998,8504.54215007579
"S772",2093.47836574925,123340.780000001,81688.6725714299,57119.5463333341,39868.0885893136,55272.6699999993,3163.98316172085,15216.1491040574,33413.3896703215,24897.5581635526,34680.9807280885,54764.0998757941
"S773",5973.59122422181,28116.2556308424,21503.0999999995,58155.4000000001,185520.099407409,106098.466840492,14228.1311938148,3811.22399947703,41080.3387861026,55314.9627367426,74161.0183867023,77791.5011249986
"S774",41867.902793443,79840.8104615387,49638.6700000005,25795.8551730744,41273.7449999999,57838.7039999996,117199.739,139224.664687499,80957.4420000019,40809.568405342,29398.9555825985,67561.4025184191
"S775",39312.3411428578,30251.4499999989,81021.6149999995,53969.0249999993,4360.0899999999,4623.00999999989,4558.84500000016,20215.1049999995,51664.537333334,6349.20499999985,38560.0349999991,2779.4400000001
"S776",53383.4336999996,101041.094999999,121869.680000002,73944.6849999995,62083.6283076911,39993.5103749993,43206.5199999997,76697.6535000014,68575.1700000024,110992.929999997,80921.4549999981,53282.428875001
"S777",9630.13085714301,75224.8549999999,23817.3975000004,15815.8899999999,95482.2150000005,41171.8612499993,652.552875000012,94203.6099999994,20573.1768571432,22703.455,26030.6450000009,58036.4600000001
"S778",59837.2488232838,82889.3957589668,77768.8171100812,41593.081526112,25858.4949999994,26892.9599999998,66460.331007897,51594.9199999993,52613.7349999996,39506.8599999995,56080.2100000001,57078.6799999999
"S779",49705.9650000001,5579.01376393291,23835.9887192715,9826.79440024925,24780.2099999994,57544.0942222215,50773.010160331,0,22000.2633254612,3329.12130836552,19497.0599750216,43424.0549999997
"S780",88769.9299999979,27665.6706666672,13557.595,19579.715,96426.4971999988,34713.2649999998,25257.5350000001,55806.6511666647,17808.135,25701.9950000001,61560.8400000002,36146.6351428562
"S781",153862.975000002,100557.51,49800.8483218007,38308.6662914568,33554.4570696885,35608.4449999995,134763.714999998,86406.4241487606,43538.4300467794,49498.9943599513,12150.507210013,29615.8655076746
"S782",4902.18807918893,0,0,24937.1840000003,68055.5899999999,45192.5050000016,2987.70857702474,979.903798094689,2604.33324369803,3688.55931836322,22621.5004672936,0
"S783",50509.3064739987,0,53612.551410892,0,5780.80569203035,0,56695.2549999996,54214.7300000003,81948.0950000005,0,16789.5948056522,9910.09171867759
"S784",135127.424333333,64582.1012796562,57478.0452049232,24165.9934914309,42316.7821115961,60755.6776000013,106947.405,89012.5050000002,42196.0179931024,43958.6997837085,35882.3200000013,37175.5002306671
"S785",37491.9625325106,145879.426277777,13669.4133459291,10509.0314870566,41483.6395555551,32527.4917499994,69138.4647959069,34710.2551607912,25764.5788366944,29957.1112448807,47288.0135903976,38549.1307500007
"S786",144987.514951397,96990.021501022,96790.2826326151,94610.5544615387,53270.8668571437,151890.060705881,88021.1582783761,117515.214946184,73496.073145946,49247.8596876865,58361.6799436199,117016.503643374
"S787",31087.1600000001,44673.4598181817,41716.6399999984,5926.23422222215,1449.08711111109,4563.54000000001,73717.7600000026,39619.5399999997,31135.6750000011,35102.4758181817,854.421750000016,15721.99
"S788",21578.2200000001,52598.1594545453,57811.0999999987,13495.6017777776,1120.4604444445,2668.32499999994,73007.2500000025,77760.1549999999,34993.3999999987,49528.8232941181,10984.0331000002,7986.19499999981
"S789",0,246418.339166668,12428.6965219965,0,49765.4349999997,27387.4999999994,0,0,0,4913.14875210732,22640.5974320579,24360.7899999994
"S790",0,27999.9888571433,48042.5124675056,29898.885880438,0,7011.74454938961,60767.0476856723,16717.1290898528,34609.9749999995,150277.56,21583.7301187552,30051.5165714291
"S791",59528.7305714295,31160.7149999998,7027.22879625285,9612.84837190985,25572.0999999997,0,129599.551368421,42349.9850779545,0,4058.38222242733,0,11765.9677301562
"S792",56450.7779334185,37920.6568000008,25084.2531652341,15387.3505495408,1658.42103544528,0,49415.871833334,53657.5899999999,23480.3241666658,22325.3409880172,7422.78538148132,5091.03260057681
"S793",26514.2872290651,48214.4116102488,43929.5499999997,5279.77991985446,18038.0194621616,14685.0174653652,8620.36641681452,47203.5300000016,13417.8586147308,25841.3541139291,51585.5299999999,23614.2849999995
"S794",97408.7653999993,149543.862562501,49986.25663352,35915.6170946203,21054.1466722773,31875.9200000011,83924.6899999999,48575.0896403038,24546.0813274075,35190.738570788,41031.0399043663,21736.9442547693
"S795",1414.89479390222,63234.9150000008,35484.8099999995,41910.351421743,47872.4766076996,30191.9799999993,3776.49130752475,6880.71201921529,6249.06066338071,35705.4749999995,20199.1533322966,12870.3041198075
"S796",30517.4999999998,41876.0549999993,20674.2937058644,24864.3941949596,23197.9950000008,8368.53083311631,57100.9208020576,26786.1184671333,17608.6504954322,17190.2565523694,61618.2007997808,42978.0221350611
"S797",23326.3249999997,21398.1007499996,79525.4289374992,49771.9336363635,0,0,0,52347.6849999996,0,0,0,0
"S798",92968.8250000005,113066.734374999,46454.1278317458,14697.5363603958,36477.0199999989,26241.6875708514,86810.272657302,75191.9899999999,55036.4448284251,37787.5479914089,66025.7849999991,28198.9734145017
"S799",58003.5949999986,50535.4150000018,26939.9099999983,6139.49499999986,5407.07499999987,2396.01499999994,0,5343.79200000036,0,5079.98999999988,4346.0049999999,3121.77599999985
"S800",13415.3161666662,36195.3199999995,27522.2886666657,18933.3699999997,62976.6365454543,27504.8749999996,10953.9999999997,74603.5500000002,25414.4581666658,2468.00500000009,44319.2349999994,51461.8949999997
"S801",48746.6200000017,46580.2624011099,49434.4502320137,25697.2999999997,48804.7645714294,36314.2600000013,41919.6979634015,68231.2048999995,33580.2050000012,15366.8004729238,34719.6414931194,49791.1927499991
"S802",118270.676388888,57213.787023235,67329.3173736459,19617.2750000007,38764.0513333338,48305.516212056,53039.8480168331,39533.9493333339,52653.1751959226,29431.3899999998,61884.120361678,46948.4349999994
"S803",55812.5949999999,22988.2850000008,35150.8511666654,107931.635809524,150120.637185185,82353.6350052213,33970.3064999994,46391.2950000003,55970.6600000001,40562.6620000007,54555.8256597082,44989.8319319597
"S804",11079.9786126066,28575.335000001,0,29127.7799999996,0,23310.6749999997,6634.25014867027,0,4262.53454566251,0,0,0
"S805",2250.25142372585,72645.2720000015,42319.1649999994,58196.0899999996,0,0,0,0,0,0,0,0
"S806",77130.4685752607,49347.7700000008,54571.5500000001,60264.6490909089,13758.6891636621,17011.7959660542,72158.0779382359,41829.0978181888,46198.3948455718,36326.8219689571,38416.2809184866,9049.49922182828
"S807",42167.3599999994,36576.9708571435,40924.7500000014,4885.31367837615,5142.56718865835,19964.3255840951,31686.6583727074,32794.5749999996,37933.124833332,8733.82069932756,26783.4100000009,0
"S808",22250.7143908511,9043.23459721499,35271.669259308,18622.9893491067,27155.0242305786,13614.8749952627,45534.7327499992,21624.387959262,38569.816444444,23627.5650515686,61028.7399999996,45026.3513722196
"S809",0,19673.0846666669,51804.6300000018,30896.0693333337,8098.01250000011,3111.21999999996,0,51261.5749999997,27482.9649999996,27204.6275000004,0,11652.9899999998
"S810",26581.5249999996,7509.74942857155,38250.1649999999,5593.30999999996,38312.397428572,33265.6399999998,28077.6649999998,14118.1411428574,29614.4949999998,0,21920.9549999999,9847.64599999975
"S811",48493.0899999997,65807.5570909089,24254.3699999994,18657.5698821476,26411.1466301619,23534.6290030237,20665.3477729673,16014.3898611178,10527.6553032767,17087.1292685065,5996.30057452099,20714.8965022016
"S812",28773.5424000003,32757.0149999998,55342.2955555549,0,14661.4590196354,16051.6092235244,17328.4809467563,8409.7610335186,11368.5387179224,16653.9416950254,8665.67110333366,5899.6475307478
"S813",46615.9288433013,37940.295,44190.9049999999,22416.7523676908,41363.143111112,37925.449228791,40262.6176120309,46936.4353781481,43702.4910109847,26233.9362298288,21847.4737607191,8815.93268674485
"S814",0,29824.205000001,0,0,6452.49499999991,0,0,24426.5199999994,0,0,24244.9799999994,36372.712444444
"S815",1128585.34755554,1560468.31200003,972778.959999987,950104.467000018,1990171.4749091,1150270.77818181,1081555.73264308,4610536.10661538,1130543.48,955327.206686156,1079425.73699998,1730374.10742857
"S816",1898.8916901164,14470.5420549034,16947.099445249,36937.3589136996,64220.1144165716,8907.26872701876,28593.4633492105,31810.1899999996,28060.8539266736,21501.3158732157,85768.260000003,109110.235
"S817",35060.9779543218,35860.4580343559,56512.1499999987,53566.8199999993,0,18782.3029191602,30681.8249999993,28931.4089999995,34381.4850000012,56775.546993031,17497.4422348068,21877.8069101509
"S818",9849.87999459222,0,22300.6557557201,65302.0598333342,118097.188210526,35875.3690000005,9916.78824330038,26500.1450000009,30758.5100000011,51227.9488333315,48308.4200000017,0
"S819",95222.4249999987,108019.261505974,30883.7099999996,99868.7881999993,0,0,103757.85285714,24220.5084503072,22630.9336302449,43161.1350000002,28512.7349999993,37486.4449999991
"S820",0,9164.98796738079,23994.5799999994,51615.2649999997,33267.2049999996,70035.9414545452,3902.54762236373,0,16191.5479861845,18149.0012196387,4005.97321632014,40635.2249999997
"S821",600380.056051281,177373.97,86990.6498333345,109085.274666665,132286.152118034,185030.835727273,150514.219428574,433107.977217393,371358.200178571,93624.8371999993,126813.514999998,50660.6149999988
"S822",3684152.96303137,2008007.67999997,540189.9419853,1954618.35552584,3798368.03814687,2554982.10472741,2106875.69369263,4648628.20693337,6787769.86623996,2859851.16300738,8096334.77907689,978133.501333346
"S823",5316380.04041948,7237700.02666671,6396623.77673683,5732621.30315788,26243.4849999996,3212325.17337763,4611199.11774885,7133424.24778381,6190625.69254052,5251182.42372417,3183168.86872031,48558.8199999989
"S824",9485.63532154296,0,0,0,20042.9744529482,55424.4989150774,109343.42,0,0,681666.180800005,61579.6199999992,49380.6319999988
"S825",31459.6299999993,314925.835862069,235095.865000001,276020.466809519,11503.7845608961,18917.4499462276,23824.6645454118,134474.189999997,240379.468839757,226486.800000002,14680.336956857,17899.4827306174
"S826",43070.4368888898,55344.5208693165,38361.0720000003,77423.6799999982,655.035343783258,1475.48778298832,22510.0612590547,23453.3849522228,70617.1760000014,34166.666227867,3963.64034124457,1714.95789994265
"S827",164074.599999998,139084.679999998,327755.897790159,155172.880000005,0,199981.959999997,78893.8080939242,204943.109718751,147941.916999906,251841.537944212,40159.3998103831,31236.9828287093
"S828",0,0,51835.9300000018,8692.62424636149,27754.8576000002,49253.6800000017,36310.5583149061,69306.3873161568,51420.6591992748,52376.8875177061,33563.5306342589,21917.6021475547
"S829",34204.7479547095,74920.3988583805,17932.1740266778,8583.41598439512,12205.6822930156,0,11114.4812494912,58895.3536363634,39699.3549999997,18318.7995128943,3008.14727960261,230936.206375001
"S830",0,27641.1714161467,28976.9231355763,0,127634.808899999,114204.712235295,17060.3879701136,68148.7715006523,54244.9475000007,18835.1086387915,137721.565,57285.2599999996
"S831",176610.549246869,554788.682482023,240972.439999994,127901.428304178,522661.303029662,1409699.35840741,41374.3269446132,803962.655999997,553371.479999999,328887.879999998,542331.722863531,276650.01466667
"S832",545390.23499999,403594.719999997,760492.969999997,220995.215000001,125095.378347088,184216.15,813524.988000004,1230447.07631819,370223.241846155,621437.873944442,192257.119999999,176358.285
"S833",34170.5265819,61555.3962352947,8846.44500899965,12805.1901724076,2791.22056841364,0,63016.510666668,67420.1999999999,47673.7753007599,26486.0599999996,11353.5564911961,5712.85298160247
"S834",58833.8455348729,45914.5929364851,30217.5343184315,27762.9047325535,26446.9350000009,49881.6402163021,84622.9315555545,76784.1641102011,54985.8913000012,32613.0349999996,26293.3231521291,48286.5099999999
"S835",115714.992524578,60810.3413750005,290157.308470591,108769.978461539,152886.414999999,45411.1853841035,175827.474456349,48033.0485069721,128701.385053298,51982.5730791751,127410.763233423,81217.9028267091
"S836",286571.212800003,7789264.28584621,6209914.38967741,752663.121017647,271181.113816684,302412.882568202,747817.793553433,3645924.16000002,972009.68514048,903596.351766643,241730.379220214,891887.240000002
"S837",2302828.24433349,7980004.40015758,12342877.0790401,12472828.6747826,1655988.91283118,104552.955,3027311.26321515,9657092.53691395,11259697.718909,9100548.64457144,1806286.11068854,57817.3599999992
"S838",146899.76797963,73377.5183571676,140767.055,103038.01857143,121002.062246948,143760.082666665,135741.968000002,39652.4511055838,132219.813104938,120984.318292419,170416.67136527,73297.1458698221
"S839",50125.3850000017,1574137.84336751,3775855.77465957,2967639.90784002,37344.7475000005,24243.4150000008,1168731.82309579,2052007.6747968,3167101.88463998,2524224.79095653,715196.852030283,255359.282611782
"S840",0,0,0,14889.1097338584,6468.37796727116,0,27818.042166667,0,0,8783.70994773266,166072.290266665,30323.4400000011
"S841",68285.6449999995,89489.8299999988,92815.3280040921,0,0,146444.192727272,42549.707470711,58196.090000002,150415.118675794,129782.320000001,91879.022285712,46269.0148500907
"S842",134837.270000001,60686.0299343853,94781.0950000006,45193.074285715,125760.348307693,94912.3720570097,162102.054399998,56209.0605721759,88197.9601603851,46617.6262499992,65724.7500000012,72049.4700000025
"S843",151153.779322926,234442.796429204,510138.17847826,211933.9911319,162744.329165105,410351.694923075,146380.709999999,107934.919999997,252067.080334421,352489.644999999,115672.675142859,90245.9966925524
"S844",11945.2258793758,31368.8600000011,151212.358956522,41151.7812240042,18791.3354072116,16033.4751490641,60276.3902222215,64443.9468571439,35328.3099999995,40688.7244447934,18144.4785549317,21635.5582544292
"S845",55974.9593556227,26077.6621337148,55320.408885086,37188.2902754858,51145.339093274,53305.4649999996,26546.1793297491,53893.9240640346,62703.2899999996,44089.1800000015,38874.8329013455,46469.9977142865
"S846",539748.956444455,614243.720000005,896104.51263159,468764.82546667,295936.641000006,281285.94625,259744.614999998,501989.399999997,463552.124307693,394993.279199997,646345.677714286,227200.440000008
"S847",31134.1100000011,43774.6149999997,45429.3109090908,23008.9453674393,24445.8670560808,0,92809.9362666673,37567.8249999999,23512.9941751766,0,0,17443.5251116272
"S848",68769.2299999991,99320.058933334,72565.9199999999,65312.6663999995,56865.840000002,31464.1185021249,87300.3949999999,34257.1156613658,27357.6351716847,83070.069272727,69486.0000000004,66618.9199999991
"S849",0,30038.610000001,0,43727.6650000015,29637.9699999995,9084.63521774241,9974.06783008729,4419.98160881556,0,29043.2699999993,26608.1299999996,2826.61634511861
"S850",61696.1824999996,23597.0699999995,10493.2499451573,37457.9854285705,0,29484.600000001,0,0,0,20420.6400000002,15832.6049138377,3056.42046075391
"S851",58388.6261666674,54537.1199999987,7283.57272690918,23717.981121436,37982.5499999991,52335.679500001,10979.4482643712,4990.40777997586,0,3071.29994905969,49583.8950000001,22748.8400000008
"S852",52258.7409394334,0,24469.6717148895,34419.2434438933,18866.0750000007,4657.93709869448,43291.029999999,95144.1750000033,77611.5404999986,88170.1079999997,28157.4799999996,24813.0749999994
"S853",78162.6683703522,350977.900291668,333193.636928573,89120.4222222212,3990.64956664112,1669.90075319254,66373.415714284,342292.131642859,185521.360000002,304786.880000001,7221.07601953015,9064.86465139496
"S854",730476.096472615,1015777.746,845534.198153848,510946.038533327,246986.416714287,272985.925281266,642929.827028177,637868.959999996,1178610.59775001,526499.910933337,375765.425093606,469204.742240003
"S855",1218709.32000001,1279681.71999998,2027438.71999994,2519593.38727274,733521.760000006,2206415.33468293,939538.359999999,3421966.39999995,2834486.26457144,1834357.14000002,1022341.21293334,1000535.79999999
"S856",7619.19767296587,47720.5604767991,48849.9099999993,79054.4099999992,0,0,3213.84895436687,108653.255000001,63630.9472500012,30464.2900000011,1694.91505842053,5198.99298668233
"S857",7776.20858029637,9127.64803915008,137193.218099999,94306.1903395722,93479.5724811968,38161.5771591174,18410.0365957214,1735999.77474418,888691.637142843,456474.700190477,144259.462539849,58166.1337708353
"S858",116704.548214286,95473.871111113,115560.937066667,27078.8958577346,42747.9750000015,62994.6022222215,12191.0447264803,4249.83629811461,8824.76009480321,2013.18671533156,4638.30290594536,3085.6358589522
"S859",60526.4041937408,44530.5099999994,70935.1899999999,56306.2399717283,22861.52,20036.6301444638,83553.7849999994,74967.9032142845,106974.432687501,42045.5068333319,31879.3408536555,21610.4293768647
"S860",38756.2271666672,2850.81722984607,1067.08102860689,6066.47842441143,24762.9950000009,69899.7943636361,87006.1749999999,17134.3965584126,6360.33310544213,18316.6612169296,34256.2877142863,142192.317727617
"S861",225255.477824071,295755.515296736,214882.508279041,83661.660321523,254855.366305261,84407.6430202039,275965.839999998,483934.533548394,124102.858790463,122548.491000002,248046.365727235,88206.5299999967
"S862",58116.3774743469,15133.2773714248,17874.8740398714,17909.2229144644,77663.1249999982,61136.7249999996,39666.4899999997,62872.3099999999,12902.8687879845,6640.38168592188,24633.1000000009,150704.604833333
"S863",303523.668749998,37873.5820615164,10731.024757191,20713.6598455367,108294.870000002,161894.323809524,150684.459999997,68692.9849573652,4561.22045460593,38306.6674202191,31639.6049999996,123827.794111111
"S864",14947.2444280039,13153.8683452111,38478.679698684,211249.959999995,1674114.96888888,38780.7000000014,14283.8401372215,4390.63268752462,51324.3982069688,240465.145105042,2102703.75182608,454955.622356322
"S865",402820.119272726,32905.69,204288.839999997,443398.782866693,60117.9099999996,11685.7936806798,257783.735816762,5457.57921718135,235362.309653267,357565.446804823,28323.2448089962,2630.07012315422
"S866",111388.258842105,429863.71266667,33581.2710997528,110064.885,101224.200000001,146551.294999997,120509.713687156,412310.165785708,150423.695791897,70522.029999999,97798.7546969531,110528.124999999
"S867",0,63452.9249999996,40612.2847999997,2362.32760724825,49812.3850000005,23305.936594741,0,0,17614.6964166265,0,30112.1649999998,4159.35447696958
"S868",66609.7091428555,7198.82959811374,15739.5186091333,12179.3199326865,34763.3449999998,65632.9699999999,82507.356193299,20136.3299485812,0,39301.8449999997,25245.0149999997,49576.0699999997
"S869",547482.966,480662.983054288,478338.774778584,531668.885733337,260229.474919852,182694.621521463,595920.266666666,354653.714435717,302330.399999992,166278.004749095,125624.114999998,139441.642509002
"S870",0,138330.139090909,0,3430.70645610332,56563.7950000003,24129.1699999997,66639.2649999991,0,0,25578.2208000002,8243.49566900568,24612.1731499498
"S871",21224.5300000007,129657.119999997,151617.199999996,58739.1449999978,0,59903.5049999986,27385.935000001,245566.165333337,0,77977.2098333344,0,31663.0799999988
"S872",2195949.79684212,2205489.91015385,1966267.56499998,26487.6250000009,26769.3249999996,49037.7100000005,2754226.80130769,6655065.32057146,494971.940000006,224228.505000002,56125.5949999996,30326.5200833333
"S873",885605.120666666,18757.5346287304,502657.151999987,881877.534449857,134874.052758009,23052.5730436641,2298590.40000001,73522.6338447443,506926.082285702,2097774.848,182270.854999998,23577.4067706821
"S874",20133.703598558,165834.017900004,100891.374615048,81124.5667428723,68415.5399999995,23120.3711014123,9135.64620246142,30988.5650000011,28552.0766160567,196492.01,9485.74090489805,64129.0050000022
"S875",19615.6237906947,167383.009999999,2448.42321158436,11748.8001435234,14357.916229266,10531.2621377884,12453.0776898974,0,53400.929999999,18935.2967613964,44194.8115833333,28558.1199999996
"S876",109301.164999999,44967.1449999997,45522.7199999999,31581.9468571434,41181.4100000002,38486.4799999997,26071.3349999998,45021.4537499992,8967.44999999994,26311.5080000004,28785.5471428564,28213.8199999996
"S877",54651.3650000019,29453.7411428576,16887.9149999998,18590.6349999997,33553.1563333338,18019.4099999999,91732.4750000032,28739.728999999,73451.7100000026,35965.2649999998,112010.051999999,157106.962571425
"S878",56480.850000002,45211.8865000001,50022.0949999988,50316.3150000018,28184.2770000001,36126.4599999992,32447.1450000011,62756.4999999976,0,24188.6400000008,35650.6999999987,7793.69999999971
"S879",102798.589999999,175972.88028571,127591.32,119440.649250002,6420.6088571427,4054.91499999995,18420.0499999998,128693.851428568,121393.919999999,71866.5696000006,0,6369.54999999996
"S880",51147.3300000001,82608.8085714299,147836.159999998,685554.86161111,19615.8822222226,26207.4899999996,33738.2699999998,137506.786666665,570723.089625003,439298.945217393,35960.5700000013,20980.8384000002
"S881",0,0,45796.0668749992,8672.67579999994,164076.635199999,142192.769999999,10596.6150000001,0,57122.5000000001,5341.03472727285,224681.206749998,127819.81
"S882",138945.251249998,140770.185,39702.1056000004,48407.0149999999,101277.126769231,127303.98765,66992.2987499988,84810.4799999999,51872.4764999991,44330.1899999999,74162.2199999999,52288.905833334
"S883",31479.9749999996,0,38694.6249999997,42120.4099999999,117482.985,104074.064999999,14526.7346249997,32395.5,19273.0004999997,65830.1600000002,121844.64,106979.693799999
"S884",131241.438857145,1112639.87999999,69528.2549999999,33660.0199999998,50300.6649999997,114398.369999999,93368.7662857158,204930.489999999,80727.2066250015,52482.2749999996,142826.595000001,113189.216999999
"S885",10584.0949999996,143879.840000005,0,0,0,0,0,61518.5849999996,20811.3699999995,1873.30500000007,26725.7885000004,23683.7524999992
"S886",55809.4649999987,1411767.64088892,108539.009999999,175442.759999998,1953.12000000007,2748.1400000001,0,196589.040000007,125736.794999998,99166.2249999999,0,71336.1024000006
"S887",97158.330000001,49413.4940000008,0,0,30218.585,51162.9799999993,35517.675,0,0,41558.5749999999,0,11353.1681249998
"S888",18751.0073925055,33924.5049999995,21740.9148012566,30314.9916312629,83487.6461249985,88915.3948333345,4084.29057750957,21830.0087506584,54471.0892322232,83484.9249999989,107182.154999999,27368.3407551077
"S889",32605.7376000003,1145617.56000001,59512.2549999986,59577.1841224816,17434.7862465316,12922.4468643373,26995.4433815455,123085.685000001,19503.8259699541,54122.8646153848,21396.6800000007,25222.8224808103
"S890",81210.3498075413,993629.604833327,77690.4625714298,92303.6999999999,23740.8931145153,26712.3218517148,55373.5776000005,195352.192933335,234063.3117,70414.9903333333,62762.1235196976,3894.38835966743
"S891",13726.4471957204,60282.2349999986,98849.7343468547,181865.40903171,71225.1494322005,15633.6549874913,37656.1245773625,247495.932535149,414973.922399997,281248.008204331,229718.195000003,28961.8899999996
"S892",72590.378715549,328330.139428572,243002.535220885,347246.795428575,66821.3474607796,35146.7132746688,103996.836056193,223868.214265191,177699.343666669,247438.666222227,46964.0849999997,29150.8698789351
"S893",67223.071714286,476090.528777776,32980.8099999996,26937.0436381136,10211.326342429,25969.0927948493,36486.8781342758,31561.355,39786.6189369833,29665.5810896411,21095.6984816776,10628.676125531
"S894",0,584208.24000002,67637.7350000024,6140.83729963269,9348.16938107903,0,4416.10006045932,143254.623555554,158021.18,41691.3997499993,36886.5370206525,48530.176166665
"S895",115752.049439978,273888.538252754,0,170137.528000003,325746.924631578,135623.038857139,121473.651363353,363019.023842973,324201.868878299,108072.65032652,130017.069999999,245852.110000003
"S896",10953404.0775,11065448.5837576,5266159.6829091,1465290.71999996,4343782.26931596,5683339.7735435,6795284.13199994,3267179.64218181,9966897.10800002,7262517.31345451,4945985.24401362,3321035.74483627
"S897",2483524.99800217,2977796.67458824,1877611.33305263,1338140.17600002,646794.154999991,1706558.85803449,1912644.89444565,1500145.09333331,2668899.11703226,1932405.33773529,1547584.21606061,323593.485000001
"S898",19985.0595848171,54404.0949999993,47263.9870540484,32162.0195000004,13581.7305452892,17807.0008325353,20108.1083333336,52172.4050000018,39889.1665000005,34424.6035665289,34306.3649999998,11476.4267678911
"S899",64181.6174544,244225.058247926,221051.665748803,177808.185197525,170644.470000001,168451.823623081,7207.91961634316,219921.369272727,234473.474905519,174776.194125003,150709.751020006,199792.594999996
"S900",0,172563.16,0,12212.4875362513,56030.7935999972,64698.6650000023,35019.0739948027,118464.513475077,114680.099676847,10637.5869078876,25228.8441312359,0
"S901",610354.832713609,737349.301872668,0,502801.092528976,763508.489311779,2307345.88042106,238780.039327985,620578.839999986,1249920.57244443,840889.670535285,829189.49624692,503904.960000018
"S902",6515.62776384018,122247.687996507,0,30625.4058475605,18256.9874962588,14017.5161192464,37637.9440000006,130178.412000003,15311.26027577,59354.670666666,20365.0929248578,31551.9649999996
"S903",22565.7350000008,51948.6099999997,122297.975066665,54592.2231233067,15567.8696419277,20550.60568224,28184.2131666657,47707.4600000017,109826.884909091,94212.2219999997,14503.0360963457,14427.7325484393
"S904",125777.485,13299.0041486074,5775.94586147929,23143.9684542963,12536.8954753003,29254.7731597065,83633.9217777768,23721.637417928,5164.75229236038,29517.4649999996,16851.3312000001,25664.4350000009
"S905",9885.77287403741,24165.7575731578,46346.3740000008,17285.4201464838,6866.39029164997,3415.26287083926,24320.0999999994,34604.0808750006,19060.8288000002,11860.6753263543,3687.30142704836,8822.16252733887
"S906",10157.3582492343,22552.8157047401,5767.17589991454,27632.9086733762,50549.5767511266,40199.0034999986,46619.360761779,124137.653111113,23261.9860856748,30152.1312000003,63219.7400000005,45093.8098504533
"S907",80327.1725,4215339.28610714,66190.1099999995,99460.3252499982,36391.8384424649,39137.5237499993,38041.6771428578,54298.5600000005,17938.2445644398,38941.8950000014,74710.3020261143,64686.8265551507
"S908",28415.7049999993,21474.1719254747,36196.8850000013,46984.8305454544,44521.0888888898,26759.9349999994,54544.9450000001,71172.7015384617,32807.0949999996,32382.9799999998,34050.1151249994,39251.7649999997
"S909",6931.9741635087,17533.2528150173,182726.849590517,237878.45741279,52759.9208232127,57250.702339847,10582.1255153655,613980.355076925,4314169.88468293,1141615.69116907,446924.631612384,46719.6640000006
"S910",92750.1091823952,259101.399999997,0,0,68308.6604104207,174832.988183073,222481.744000003,226080.851454545,195922.523999998,126368.115833335,197531.885562936,206642.6
"S911",2956223.18936284,1962334.71999995,8265148.8542608,1098307.28929941,3504297.91999995,1499329.00939021,1604157.84960001,2526213.83386312,3965149.82510512,2774795.70414002,5960064.80457143,2271628.8
"S912",95070.9923748973,70815.6152675793,46940.4446552725,48417.3938626757,42223.6999999999,34758.6499999992,101786.190657066,42942.8560331477,216044.316687502,56526.3383748336,67072.3283333333,191939.55255
"S913",600668.567333329,100472.289176806,202523.520000002,43278.5955000006,91452.3400000008,74756.63124348,662500.071083329,112642.44,168728.502171416,72072.8166598763,57383.3180999996,129119.526095238
"S914",86308.7753243376,63562.6568888881,91597.1804015577,170397.223473769,70241.8949999995,53278.8599999993,47660.0364613643,47004.4431487632,180368.979374694,383191.754666667,30080.3001391252,28220.2043333337
"S915",503767.239999999,12836.1826933852,310345.759999993,608596.708886672,52241.8815255955,29361.867233786,873026.766769233,18181.9555117313,642538.920000002,1958158.76472728,80077.0559759302,19791.0459921784
"S916",59247.0562857128,67882.4700000009,50399.9494453373,26190.0413443659,23467.580282054,56967.5649999992,96125.4300000002,42751.1110862288,50762.3399999997,30924.7068571434,33615.9606771001,16590.5707255321
"S917",328265.010000003,2871570.62399999,1800914.36000002,944453.934545451,1069170.92945454,1169756.11999999,288726.850000002,3529758.86836362,2068491.80000002,846137.035428585,1320545.40654545,2356639.58665384
"S918",19641.555960961,85797.2073999994,91419.4750000008,89233.11325,51260.0099999999,52413.4149999997,5511.01037427931,897.852453650352,15150.2320749938,11911.9514336258,10783.5119046893,21390.4889863137
"S919",62926.8672000006,59651.8596198177,116578.415,63426.3199999999,31352.1659157659,41572.4540000003,94361.547955111,80703.1686976215,63864.5199999996,50333.6363013428,11676.1039818122,37847.3718377139
"S920",39424.2457777773,36250.98069525,36143.6749999995,30674,5786.8382106996,7226.66821748404,21418.9824000002,43391.1899999999,53864.1699999996,25036.2063541953,12000.2080881878,18558.9162663617
"S921",13880.1077116873,16094.1066841516,31455.1934285706,66347.76612461,10979.8708720135,16341.6466730814,9070.531875431,42546.0900000001,150459.216761905,67541.336333331,13247.699201513,16044.8570165612
"S922",60770.5149999998,51285.0499999997,45298.4366250008,3012.24810186188,19101.1398245516,23627.2009069306,56966.6502222234,58142.8799999999,39874.6349999999,0,17400.3963555531,21375.7727600445
"S923",12227.3449999999,81071.6949999995,46411.6399999999,38724.3599999999,25572.0999999997,25650.3500000009,0,77291.423999998,48087.7550000001,37652.335,39999.8349999999,36891.7450000001
"S924",33467.5250000012,36824.4384000003,15308.8300000005,21903.7399999995,40705.5284999993,29669.2699999996,31093.42,57565.3949999992,58682.8049999999,18542.1200000006,42652.2330000008,4676.21999999989
"S925",60624.9700000021,56204.1188333341,71885.1450000025,37060.7649999995,63152.4449999991,78908.8649999999,27711.455000001,74565.873166664,121442.434999999,28470.4799999996,116524.756444443,59482.5199999996
"S926",210854.015,682961.525999988,1393488.52,4233080.27345456,87132.2399999984,0,96306.9700000034,533326.960000001,0,1497197.28600003,316768.256999994,138086.21
"S927",109925.599999999,277363.57866667,227457.100000008,164604.818333336,232627.079699998,203855.335000001,274270.94500001,264484.999999996,213941.760000007,186152.054999997,69702.4511999966,114806.246400001
"S928",15343.2600000005,28757.7078750005,51219.3199999997,50357.2096363648,43739.3219999989,5544.79499999999,24105.695,18617.3178749997,0,0,0,0
"S929",79771.1799999989,47950.3525714294,42225.2649999994,32066.8500000011,48123.4631111105,44743.3499999997,0,52000.2550000018,58457.4449999996,0,36908.1590000005,34250.0249999998
"S930",27246.6499999998,49327.2349999991,130445.879999997,74290.5499999995,0,16717.1145000002,27332.7249999996,30686.5199999998,226954.734999999,61941.0432000005,20163.4599999997,7950.20000000028
"S931",52900.1299999993,10847.0149999997,59432.4399999999,35990.3050000013,20553.1449999995,8975.27499999979,30839.8899999993,14529.1680000001,63008.4650000002,54330.5400000019,28156.474571429,21731.5899999995
"S932",21329.3849999999,53195.7537142844,105036.539999999,146984.797400003,49086.2249999997,69497.2090000015,2549.38499999997,22046.1549999997,88527.354999998,113452.142857145,19735.9782857146,18113.3099999998
"S933",234352.110218574,759594.175999981,203711.672677661,233038.92742823,133343.445094444,162266.897076372,745441.742371953,573868.492800005,820076.892444435,238087.842720769,429486.170181828,134730.668945741
"S934",33203.8190045773,85756.4559786974,382623.720000003,85229.4510287044,99717.2767898093,55702.8780798905,19769.2025408637,90979.7099999999,229045.167503528,53666.9799999988,115797.923508598,42117.4891666672
"S935",268961.145547632,681891.301384613,190037.95,98085.388810421,22340.4997875085,80589.4976249986,129712.046543232,268770.843692308,68229.3049999999,85876.2450000002,39032.2867799793,45488.8651793283
"S936",69946.1099999999,779315.081778115,73153.8608888904,43256.5999999999,6755.78573819517,13837.7475851529,16144.9237405694,70035.3149999995,4736.22684296107,20147.8100000007,20335.4921692216,27755.6354536009
"S937",1579347.92,1193805.09066662,1401000.51999996,718332.022857125,0,0,651916.399999991,1350462.08699998,573678.919999996,2058761.21856001,65291.3845626942,164092.454983865
"S938",190152.655875004,1763982.93804194,3514278.65905482,4426205.86259622,8680305.5591795,5873591.5659697,162882.069999999,2026271.63644907,3657440.27853663,4986911.19122534,8684450.29229265,7813903.66045716
"S939",113064.804502114,147562.285,429236.490953285,574015.684046604,1622247.02613158,851558.1528,32273.4299999992,225398.109548857,429472.268233167,463008.379999994,1546712.86832432,822825.15017521
"S940",75351.6200000002,7064.59535145296,35124.8599999998,58911.7360714289,31393.7343656067,33847.8199999995,61020.3095263861,66062.0091428582,25808.8735623892,37249.9647468023,23661.4046853374,45814.8538911671
"S941",91874.8899999999,187127.848444442,365198.192074077,86839.7614111263,30075.9408498679,15212.4529580763,110326.767535207,231583.00020787,77102.854999999,65120.4267264889,29867.3587682157,0
"S942",35234.4100000012,13488.7349999997,36869.8350000013,26548.6599999996,22395.1499999997,46629.1749999994,12928.4649999998,19414.8871666669,71650.3949999999,36304.8699999995,98972.1650000003,111592.959499996
"S943",168051.208235293,1654767.43466661,155248,74245.1649999995,17866.0399999999,30969.7849999998,3364.74999999998,242736.946666658,193833.075000003,74190.3899999999,30431.4249999998,218009.63771428
"S944",29221.697666667,26063.5100000009,17053.5525956276,3055.72251415727,23748.8749999994,34577.1099999995,0,9137.59129550149,18433.8944176978,2897.32510110793,11333.2347117479,29672.3696666671
"S945",457401.632697584,511003.800000004,308437.016849497,259218.775,308298.949113297,512618.880000005,355738.084886004,268860.336935232,194527.934999999,239804.147836387,275618.858589344,342281.836214582
"S946",112148.616857145,0,72659.9232000006,118423.550000004,12477.218804256,16403.4803099653,40569.5541576766,0,0,0,38394.9427956601,14795.650989537
"S947",45970.3100000004,25412.4699999994,0,31243.3116936809,39992.6310153441,43657.239999999,2942.60415226099,0,27048.486176161,61942.2732067552,47273.6725057123,101158.008888888
"S948",118365.129146537,110640.450000001,528816.060105262,112082.169999999,274843.397143475,122134.165,64986.0285902941,210589.270916667,16957.4027975397,149008.344999998,182073.665,195502.947062502
"S949",47122.5431428579,92975.0850000002,128342.898631579,122074.695,6064.70156121267,28078.0435276321,61333.497662143,69853.7750000002,60722.7165714296,35603.7499999992,25108.8599999994,4791.45332644565
"S950",72907.0900000008,20672.2103440571,15680.5664896421,17140.3127125713,51527.6372934155,59610.8500000002,67963.2773544165,16308.8115102344,22279.2537648743,29403.220000001,58000.4649999999,55140.0321666674
"S951",47766.2910456228,9307.4367285681,14938.9213237232,53850.0849999999,30494.8224000003,61362.0850000002,157389.581154768,16636.7495023022,23537.0737179575,22599.8904551705,42850.6523872893,48144.9442500009
"S952",40117.2099999997,17078.0673318613,34236.4548349847,73226.1364302076,769997.223891889,277800.019999998,73159.5048773713,78786.920426322,70465.801369286,140867.761881726,352030.676855508,347033.865214287
"S953",7805.11772916254,819.621399494209,15404.295,2756.34422429884,103671.859999999,98851.0910833333,2659.3459945727,5159.00754848897,1269.99599690956,8831.27817963652,52143.8303999974,124647.555
"S954",40001.3999999997,37272.0399999995,4868.44167733725,2953.39193000048,18553.3710848214,35965.2650000004,3580.85867014817,38125.3879999995,34589.7313812584,12288.3687728172,15563.2168163684,32747.625
"S955",407712.234999999,240950.636888886,57911.9935220634,61382.9826320187,208631.235098203,180857.66,38440.3625254693,125653.227420043,87494.1050926608,69035.237714284,146153.785,212772.124538593
"S956",278557.48,268328.441565,50759.426201576,141900.802473185,240734.56,144972.209999999,153224.390063956,456525.163428579,169963.438126861,91503.9849999988,363173.340666667,167857.377571692
"S957",9911.38674870911,0,30076.1699999998,62628.8911550224,3518.30479183523,0,3783.44472318788,28101.1399999996,19244.8050000007,87760.5050000002,4107.54929087765,3565.78365108014
"S958",21712.0923943121,0,55804.5962748488,8160.75795641435,6260.50204897966,56261.7499999996,41755.0831428561,91747.9343333333,25730.0500857219,32683.4924074368,20261.4924636043,41688.469999999
"S959",510636.799987597,1248534.54981818,624286.166511086,325367.109879183,422398.75885715,213642.732722084,1750947.9182222,380348.296146471,407495.282938033,0,472749.602285722,537390.59400001
"S960",37739.9750000013,182993.335523103,188836.342168754,177598.472170103,458900.707562496,400705.730000003,85283.410471992,176164.199263354,193179.326242586,255586.541611519,511555.14495833,276405.178304734
"S961",3356.92499999998,25648.7849999994,222776.185,41999.9050000015,5275.61500000018,8339.88499999994,471.064999999997,10863.2382857145,2723.09999999996,0,1732.45500000006,7364.21771428583
"S962",572276.213473683,191364.160499997,563626.924999994,488509.275428572,1137161.60614286,1508141.985,787758.400000002,3639397.24133338,276404.039999998,1247465.95699999,867310.175999997,1216208.13784613
"S963",78688.1999999995,48633.9621999996,152980.314999999,154573.885565218,456376.739409086,466626.659999998,256492.56533333,1197525.89536844,142825.030000001,426237.2604,443460.67795833,492150.656869567
"S964",121093.44,74537.1820890967,53258.5149999988,26043.7717595426,55777.3139512081,92284.3643750008,134133.173985333,93594.6425467623,117923.986400001,61969.7961679183,63218.6287737381,20592.8180792898
"S965",0,68659.6720000011,48512.1884176296,87427.160000003,120206.085000004,106045.448499999,0,12884.2112111238,13387.454401958,21632.3883166145,0,39990.4450000014
"S966",168418.125333331,59862.1254863739,38359.7003485029,13824.5955690296,37700.5744621854,42934.8404989537,200935.317176469,57441.7599999992,34392.8360324003,27157.4449999996,59466.9438486608,56828.3885992137
"S967",94979.8499999972,39101.8786666662,129229.875000001,143567.601333336,100306.247999999,27603.4700000001,132101.660444443,81541.1950000002,216309.605000001,168279.956599999,144690.510000001,87320.7400000002
"S968",123840.015,2711.92837500005,36692.9900000013,27587.4262222228,70662.879999999,229112.561499999,122337.615,802361.58518182,52098.8500000018,57562.361999999,111436.529000002,59235.2499999992
"S969",32191.8617716294,83927.8199999994,48331.969167354,43163.7814181246,62571.8300000002,60135.1249999996,31751.5009780534,28611.3299999993,28187.4402710017,12492.9525656772,81506.7649999999,100316.932363636
"S970",3365.22782087341,16482.4271761052,22224.8833171568,36885.1127042816,136812.62385,63703.3249999999,20060.6912687904,39164.5627719225,31689.5732144631,50418.0399999997,50104.3985000007,110421.705
"S971",1151145.47453571,1076448.519125,821323.018249992,734331.2750033,458096.944485361,318549.379911389,1056695.86070834,1205928.88406667,976230.901566668,706467.012990781,410058.907959564,270381.407083533
"S972",57808.5604444438,21872.4399999995,24537.2399999996,26490.2039999995,68676.8950000002,34755.8737499994,24136.995,41755.7649999999,46112.1716250009,27508.9376250005,64005.7868571439,33448.745
"S973",68932.528941176,49774.8249999997,29862.1688571421,13673.4049999998,19454.5149999999,30492.8062857148,4434.80514285703,8914.23999999994,5780.49433333341,8155.21499999995,3022.01500000011,8044.09999999995
"S974",17384.575090909,37458.2749999995,386463.805499994,247288.780000001,38165.6549999993,13570.8916363636,5990.47199999998,81934.0100000007,160794.35999999,236116.245000001,239584.304571425,27169.9516363635
"S975",39290.8900000001,133535.19,165618.93907692,114772.404999997,0,38556.9049999991,1788.66800000004,46738.7249999997,67076.5808333342,194756.425,46784.1100000016,14824.1924444443
"S976",253.53,75381.3550000026,56120.8999999992,31326.605,34708.5699999998,30885.2750000002,0,19334.0306249997,98252.2649999977,23396.75,42984.2899999999,29530.7561250005
"S977",6332.54325000002,30925.9649999998,21027.782399999,20604.7900000007,6892.26000000024,21632.9950000008,1757.21425,43261.2950000015,27029.4915000001,19451.3849999993,12083.3650000004,20201.0199999992
"S978",2592.92883333337,23388.9250000008,27647.2899999996,34727.35,5158.24000000018,2956.2850000001,2173.58657142861,50688.7850000001,67130.6749999999,37910.5599999997,12291.5099999998,6477.53499999996
"S979",104410.54,39520.1178650763,112182.329999997,76507.0594652905,113333.213714288,135507.09,12905.2753864272,65158.7749999991,66427.9899999996,47724.1266450172,142599.501324511,97610.5815604915
"S980",297600.399999996,50632.3395000011,395470.695129512,670217.183999988,80720.5885525595,9085.51046335844,349245.94943456,37818.2751626586,365560.08907732,676408.683285153,58003.6131937551,34442.0630236763
"S981",82805.7149999975,83524.9406303841,70867.8949999999,35246.9300000012,19834.0460452607,13736.2041189185,63539.9027727946,101344.434749998,37291.6331234326,36467.6299999995,39818.5977777786,19008.9934641094
"S982",32718.2285255264,26863.4935794819,42913.8061138689,43300.0699080871,339446.465681819,123801.413067224,75628.5906467629,86818.3111376375,59725.0950000021,92691.7948968383,151282.290000001,160589.344999999
"S983",11892.4591657789,17879.2620562487,0,0,0,40182.128337433,0,118224.795000001,40002.9649999991,0,0,34112.3049999995
"S984",126276.719999998,178947.879899999,82190.6699999989,36953.2006620414,12272.7730183584,38070.9741296635,200537.240299999,43727.7631318003,193613.974999999,105981.635386898,35897.9700000013,35808.3908175354
"S985",173546.1168058,285977.821897313,284205.676425776,137576.009932069,60498.4858872922,212043.126642858,510707.617053433,287959.999999996,347743.000000001,136018.844999999,170770.334459393,48806.161192911
"S986",11716.9063540555,7002.26220832552,3165.59219281718,26774.0199999996,22365.6864000002,20416.9899999995,0,4962.80372625706,15651.8729250254,18979.2533120943,28944.4469223191,20395.3992807888
"S987",39343.6199861469,76283.6559999981,121991.75,54287.974282299,77389.2499999995,63403.6011861464,58146.1139239122,285321.204210526,64830.4055825755,63595.3399999999,86086.2838864007,32802.0700599542
"S988",32082.4999999993,46317.5813333328,30689.6499999998,11941.3953055719,12160.0656636398,13098.6304850424,38411.7626666674,36575.6149999995,33012.11,11080.1312982636,0,5962.10270762145
"S989",134743.964952381,649818.340800004,66878.2516000282,36555.9429135462,20534.999011139,27750.6245357658,50176.5240972574,41958.5145714293,27302.9899999994,48553.8696898602,35848.6514340332,175212.310909091
"S990",38059.2349999997,51141.6798749991,3863.95071038114,1049.87907292068,20129.587199999,16226.0869722556,0,5116.67723291704,0,2550.97678493375,42425.7026666675,146846.305125003
"S991",398436.479999997,47815.7265025935,560520.399999992,745503.399999999,79583.3561903314,33174.3229917282,508079.537294712,20588.0736000002,278563.331807475,742435.023014566,9407.344254928,41255.923015946
"S992",1194834.8830476,537555.713232651,875069.728000001,215923.017375004,155515.614999999,425009.767619048,976748.645647052,562360.840000001,553703.056374995,348214.065000005,380653.103052631,134868.570000005
"S993",294871.527055559,65992.464239017,91467.9899999994,46211.5874274352,58758.3732156925,69897.2892307694,102934.028720593,177071.925000002,68367.8238750013,57200.1207281769,71869.0128568071,34456.6049999995
"S994",137098.695,154365.340000002,87000.6154999994,95681.3094781285,46831.0599999999,51500.036250001,200332.062769227,128774.46,169968.390000001,126412.92123077,52993.7735999996,42287.8649999994
"S995",57917.520000002,50601.1450000018,38995.6466666672,45976.3681666673,89198.7399999999,50283.4499999993,1360.02426449185,2721.63044209714,0,7280.85547631729,4306.93049681714,3584.84962130907
"S996",31009.1418126028,29892.6509398152,53926.7919700766,20434.2050000007,144821.533688587,156349.264053701,29171.2847739809,76605.1850000002,27195.5457686832,65890.7380679147,146698.405,162641.060000006
"S997",116827.327000002,11725.8874824911,131801.795627467,99866.0692350625,27520.8212079872,8335.07549722225,98524.3972082066,7169.92905559495,169749.757333331,287415.380000002,33393.9699999998,1744.34568210654
"S998",465901.787428579,13349.057495852,538512.060528011,271117.259031768,83441.9301251586,26888.6249964144,407364.630790994,41053.4825847569,534423.59100001,2822163.21493333,104850.291304375,24074.3949999997
"S999",22131.3886947058,7232.98219805692,20294.9563708822,7802.77900916374,0,9085.75020923949,134051.640000005,59241.5100000001,35272.1568000003,0,15738.1622463483,45937.5572084767
"S1000",17490.7631111109,69615.8950000024,99710.7052500019,116899.24,504017.640000001,449944.84,4528.78844444454,84006.0700000002,136649.579625003,149042.775,435382.999999999,488280.000000001
"S1001",54892.3749999993,0,33660.0199999995,0,32001.6937500006,26813.1450000009,9523.02499999987,0,4371.04499999994,2824.5241666667,29348.8957142862,0
"S1002",11474.4433650324,52904.3232000005,33549.776980408,30738.1649999993,10140.979862511,32880.3224795285,108385.769333332,59576.8002645239,66471.8099999985,33084.0999999992,9892.69085541808,32558.4177142849
"S1003",2130786.74215385,2081324.79999999,2537766.67015387,1207686.40711111,1492483.88844612,1123638.65570482,1756766.81598102,2445160.54797346,1638251.88625525,1073450.88491782,1665823.31182977,1131773.42019047
"S1004",52584.4831673232,21250.4265841224,33122.2008199448,36962.629419126,78179.8355943083,79954.2849999986,42665.0299999999,81829.1549999985,49501.3219495037,64789.4350000004,69075.9476641034,66630.0144411442
"S1005",32154.4899999998,0,30530.3628571421,28468.915000001,7602.2653002903,0,22000.7699999995,9777.72860465641,19731.5200000007,10106.6607993148,0,3241.61338203888
"S1006",108646.436794828,419712.48897728,501719.337376299,1150398.53203846,337407.486593959,344159.150000002,69263.816750027,388214.189999993,280786.04,180237.919999998,135402.755265527,203399.575444677
"S1007",13642.5034914072,62522.6940091065,61848.7999999996,125278.250000002,94858.8697777797,28968.3561788366,36155.854225424,8898.18857022798,35512.0865502267,57732.850000002,62663.1071320638,56532.0333861973
"S1008",35400.4587233998,122650.614999998,249905.460000001,125196.805036226,63119.1173333311,53126.6806365248,88012.469999998,83085.8499999989,186478.5718267,117510.911021812,110059.692090801,34056.3071999983
"S1009",6664.48320000006,300091.879999993,0,3371.01000000012,6075.32999999986,41368.6176000004,0,93928.1699999987,12263.3376000001,2982.88999999993,106853.504999999,65363.7899999991
"S1010",0,4725.79666666673,0,30754.1374285707,25492.2849999994,20866.1450000007,0,9499.54999999987,60335.4449999982,33497.2600000012,49757.7625714294,47940.3711111105
"S1011",0,0,378542.199999995,815612.746149063,118448.590000001,36073.4224431269,0,25740.8147731369,1041563.84,1112293.36239999,122525.017874998,31897.9932085866
"S1012",4424.27526813893,1668.90470128219,4192.04413921546,25217.3820867131,34769.6049999995,12226.5012324754,982.311160588781,98574.2740657209,54540.2500000019,60049.9076999996,23856.8599999997,0
"S1013",144703.904857139,99893.9500000035,193913.206666671,117160.933199999,140269.385000001,74041.714999999,138263.978833335,153820.720000001,107169.634999999,78117.6685714298,275172.384999996,247528.860454546
"S1014",57942.7806722821,55940.1157163051,51756.6201243931,35527.0649999995,33311.5201392054,35723.8944010232,60319.6717499989,89206.5096666667,9759.02664440253,43378.7200000009,10547.9707132846,45614.4914168292
"S1015",426879.53325,57823.3917360864,61651.1347810123,29487.1056864733,21099.7455055606,28259.2049999993,73365.1974285696,33706.9700000012,57609.3082500011,36160.8323216441,54270.1267571431,35566.9171598012
"S1016",30086.4096000003,67229.2699999999,38709.8711428578,29733.4349999998,48987.6300000003,61696.9949999996,125775.263250002,19731.5200000007,40871.4866057153,41768.0786249993,56296.1799999992,23324.9846525387
"S1017",28066.7099999993,52579.3049999998,35553.0253868198,49626.406885014,38661.8080004438,42973.0323749992,73124.6398666672,102142.854999999,87120.4942222212,18358.8201347994,23583.0684240501,26273.2200000009
"S1018",4792.40555033164,0,0,63202.5249999996,20634.0545886754,24847.7812910327,36726.3773333341,81209.4149999995,25576.103783608,33045.5831922548,49973.5799999997,20161.5982500194
"S1019",174241.996276187,157989.88,61260.3599999986,68462.3239999992,45858.6618749992,40727.0496000004,108664.406399995,91731.3081999993,125783.217142859,54128.4085714294,0,70057.2249999991
"S1020",107942.744999999,71047.8700000025,139445.320875001,28796.5011428576,32519.135,26697.3349999994,28587.8549999998,120146.511625001,179622.352818182,10652.3385721234,19161.8600000007,70789.2953846156
"S1021",145383.184363636,71150.5398793189,75630.6933369888,70358.8293128678,75951.2901176478,50479.7377499991,119193.398999998,42053.2591111106,78314.1649999999,52334.8018725865,38495.8699999995,34131.0850000012
"S1022",112705.039999998,790519.271111102,666539.759999985,216807.274999999,249778.175111108,150948.945,155784.795,1279174.29839999,718435.160000006,1052342.71842857,180785.670000001,749364.66164516
"S1023",19514.2587476058,0,25134.1466521648,141566.257289857,461173.813523295,99075.1383646854,43114.9440000007,20468.1131028583,24384.2078170708,136458.552487736,250374.959999998,94454.0099999994
"S1024",721600.151461914,1258389.49720001,433363.274971097,124036.514166668,192022.619400004,374577.180249996,486878.012850387,882547.320000005,318760.740600007,177713.32690048,411507.60536842,434323.348799998
"S1025",125702.829777776,49959.4949999988,75005.1716947619,33035.1402450799,75217.029999999,41980.2548462054,90541.6719264851,51812.5292608079,43185.7915431634,34961.2571770996,118509.625,67370.9914180006
"S1026",400833.423024886,420409.080000001,32203.4385105623,124301.441826562,419003.710000006,276103.394285719,730191.440000008,594784.304243297,354095.109818181,166512.596018901,395643.799292502,279619.154439974
"S1027",62920.8249999996,28389.0999999993,34186.9138333321,4833.21857642605,9678.73452703646,58244.6050000001,40130.7614285721,118428.244999999,6650.17836755006,38858.5325714292,54935.6527059537,54530.2471875005
"S1028",165956.466666665,140341.293223448,192606.811032292,105355.800000001,202799.049142855,246365.403310381,209361.487997617,100089.220327842,162583.711795454,109054.00423551,111486.884463423,94001.7249999999
"S1029",78911.9949999989,5695.05857439108,105627.497624998,19040.3996896956,24043.0950000008,41780.3346656063,122736.617318554,30969.7849999993,85396.5658708884,125218.477166335,20094.903839344,4280.26219404711
"S1030",44310.4416000004,92424.2049999999,17541.5558642918,0,424360.783689653,75212.5871249987,51309.7429309037,37237.6100000001,58753.2282545322,11489.5982019723,161981.897376693,851606.09969231
"S1031",0,36350.2549999992,19964.7049999992,26094.809999999,58922.250000002,36962.1408000003,3606.86399999982,36085.7699999995,102859.909636363,31592.6550000011,56111.510000002,39700.9199999991
"S1032",82327.1342857122,61042.8249999992,31533.1035977648,17044.467434368,31772.6417608394,41432.0921666672,84230.0005714299,222108.108260869,39783.1000116148,37077.0525344998,17299.2195864056,22978.58600875
"S1033",163815.782400001,233496.217609724,121440.559499998,23656.7311332275,48424.9357826216,52990.3872000005,565446.110823535,229716.96,185370.771610514,83583.2253890205,95993.1631931532,33663.1499999992
"S1034",0,144789.105,40146.9450000014,43330.1549999997,7496.22088609886,42815.6307828517,2811.43787653316,67045.5045000012,0,127666.424615385,21544.8296321487,0
"S1035",90335.5335837201,68003.6886145115,109730.81593205,171434.795000006,163781.944999995,140554.215,2458.77908684729,286197.809999996,87622.5408000008,339567.905333337,104479.399999999,168685.089999999
"S1036",86753.4478627015,87999.9500000005,72199.7277458251,31392.3350000011,37622.2954285705,8895.15285543635,12831.1203159589,157467.169999998,60323.3076584961,61533.1274241308,67235.2040011128,22711.0598222568
"S1037",7922.98972267182,109529.655,17766.5203251225,5833.74101812895,38674.2799999997,23949.1950000008,3244.45258741446,0,32213.9599999996,126938.340374999,29919.0968163721,13945.1405627329
"S1038",25437.9306666658,14369.0985957547,22617.6192000002,32846.8030032783,29933.2100267041,46076.7299999997,26003.8464000002,18087.7374959658,25860.8116613125,28232.5999999993,21315.5442599593,22381.6083495373
"S1039",0,59916.8151428556,42411.499999999,23939.0810620862,20482.7199999995,22515.6550000008,0,110983.169357143,53540.2149999996,32502.0139283884,33679.7578081667,1125799.92637037
"S1040",5137.47956562638,23267.0113981829,27932.268406268,20772.078627646,16036.446004535,45412.0212916792,9947.89291994868,10380.4464226186,41690.9663999979,57067.0876264131,51371.5194166667,110644.702111111
"S1041",460168.716277219,46057.9499999997,478100.628550429,556601.639999996,0,28056.3602775653,470195.341856857,19050.874111663,511809.934399996,699342.159999999,148344.7105,17636.6052847848
"S1042",118160.630000001,93013.5437142872,108477.975000002,44563.2906189028,54845.2979162088,34808.7299999998,62906.7399999991,71485.5086759532,13745.7765897431,48679.1226256047,38083.3488333338,24728.7097348484
"S1043",58119.2358409036,16823.1368915358,110282.6943413,81135.013703228,74444.9488571441,142748.345000002,57885.1716109564,154764.415,182364.056599999,170775.93,114498.469443511,83818.269999998
"S1044",0,69232.409714284,22691.3667910346,53246.7118157078,54634.9920000005,43403.7099999994,1807.14239960665,18011.3581478531,25258.7954942588,0,7031.29040069983,16550.7468115699
"S1045",298122.158687497,57217.9649999987,146069.275,48262.1442508875,71623.8956736756,26007.0292897905,116700.786285716,19087.5893808725,131367.665,0,33414.7765870209,36289.0371428577
"S1046",578444.531506326,62933.3449999999,587660.265518844,450604.623030091,84368.3861710586,35291.4192669917,533069.18693675,28893.0299999993,667704.120000007,1656733.45733333,97729.5282185548,35535.0000645141
"S1047",81855.4373183473,32063.7200000011,90626.0199999988,41557.3358273746,19678.1789485535,4382.91063960126,82730.5950000029,24569.1279549935,113054.034999999,295982.190000004,0,7193.61555716971
"S1048",49172.2752000004,33140.3066323133,306552.2,238750.095752179,159117.04334961,45666.6999999989,181770.510153847,77711.4721186248,374338.860652258,207056.228869115,176859.955200002,64303.3812955803
"S1049",61357.3899999986,379548.902444444,111273.315999999,29177.860000001,30745.9899999996,31665.9673333337,51749.6780999996,21481.1899999995,14417.2528090769,9319.47694054938,17116.4834455111,7293.2063721851
"S1050",3300.10015284372,28609.6706091101,34079.8477500006,25382.6207999987,19586.9649666519,12082.6778970942,35343.863428572,20640.62079471,136508.690000005,236886.710823528,42753.4124981458,13061.5820651983
"S1051",644179.040000023,525577.080000018,384864.799999991,294355.887999993,122362.127933669,175323.926666669,1028382.38222224,120234.970124208,575915.18142188,193869.054011591,349082.64,0
"S1052",31209.5910171007,85669.798,81121.7749999992,41210.0765999997,63312.0987030318,74248.2619999991,16570.7625447765,31452.4226249994,45268.8991341524,72680.8506315799,29535.0044588988,42083.0812835494
"S1053",18692.9861529256,91706.2697999993,42676.0486375513,124852.30874032,153878.625,59720.7009169787,61760.0470511458,81185.9399999994,202551.532429534,179756.682757993,275619.975000002,88416.2399999999
"S1054",4480.82568795122,73249.8250000002,31567.3828333322,33964.9513333333,12596.6793638755,0,10527.8572927825,14060.2149119613,35381.4199999991,18376.8684538081,8436.1242851087,13080.0194597205
"S1055",0,331792.52,270362.723555552,301141.108571433,0,4434.0075238989,0,0,53681.0650000019,0,0,0
"S1056",0,86525.7199999994,52356.8592999996,69252.8149999995,0,0,10452.9064232821,0,10211.1807167545,0,5061.80923554068,0
"S1057",27850.1803743879,28515.8649999996,21537.9072000002,70744.845272727,27760.8089757503,32699.5958955076,127249.424133332,32340.7250000011,29469.1680944623,13598.9587450984,109409.15,111257.439304287
"S1058",0,416765.759999994,37137.3983999982,11772.4649543627,3531.31620201242,18242.6372414479,208846.119999997,50180.8792106619,128450.868,46362.5516249992,55476.1199999996,55023.8349999996
"S1059",30270.1749369838,0,73262.9345362347,131339.772842105,45018.7899999999,29999.3977606722,289345.025000002,376911.953478258,214879.409107707,96726.9497142833,130754.112715283,42638.4250000015
"S1060",58110.015000002,110691.704464872,202135.400000001,102483.624180485,24983.6599999994,6821.71938089555,111184.634260233,98341.1687065111,544978.245176471,144148.460625003,76554.2305053333,9644.32335699421
"S1061",57912.8249999987,59525.5578744358,86355.1349999994,8654.33032388455,49414.0216063363,49863.1881865124,89835.6949999988,162131.626333333,281213.622750001,22133.4522950352,32174.4895422953,53754.8826161656
"S1062",0,5125.64674448813,112020.288277777,36629.0291249994,7979.9085677591,0,58239.9099999996,0,21903.7399999995,13580.2992901382,39138.641999999,33091.9250000012
"S1063",298564.280958786,128512.886067629,162960.319999996,222103.409341914,178884.58577538,132353.09642648,348724.163760088,287857.795485497,310971.759999998,227054.34017094,180731.610857146,112048.404899999
"S1064",0,22151.0099999995,33846.2549999995,19024.8384000002,0,0,0,0,0,0,0,0
"S1065",276569.423670687,8111.38329405617,456067.859078454,662607.045311073,84587.7265604097,13823.768900632,298296.473736931,15248.9338768953,387969.760000014,751590.683999987,73453.274999999,7245.77845948161
"S1066",2932.1232023969,0,3553.45974035363,0,1117.80234780164,5455.86321490826,102678.084999998,0,25370.2149999994,3829.74649422469,8715.28089886959,39639.3962857133
"S1067",455741.187716138,618886.052147906,604353.320719748,599521.906469643,1219936.81721738,685323.633230771,143384.335935515,594201.816000011,760514.734045148,713990.099333333,1486080.24028126,876988.640000006
"S1068",344247.270095238,1940115.34112001,170094.4155,54139.2804000012,138201.195562501,120888.465120001,134697.624,262141.754720002,182870.25,103666.98285,312064.850086958,548641.005714286
"S1069",26916.6350153131,38169.2810876803,67676.8599999991,45201.894999999,58803.307874999,53513.6099999996,3021.8178562618,154742.905636363,86920.100000003,74991.6700000004,53888.0414755766,149850.314999999
"S1070",76477.3926592123,186701.099583776,380345.079999991,647193.23,44905.0516753114,66075.8650000002,0,0,465444.936481055,684809.57000001,205847.854473484,373974.484954878
"S1071",10623.2200000001,16220.2827272727,25844.4100000002,18100.7900000002,46789.2169090908,37262.6499999999,25576.7950000002,61307.9731428556,27935.2500000002,100279.363066666,12700.8021818181,82320.4073125007
"S1072",50665.9578749991,16951.2979184916,10010.7513780311,5782.36585229559,31489.3649999998,41607.0900000001,27634.7699999996,9665.6707719238,19212.9028178194,5109.20714905603,35559.93,25615.776451982
"S1073",50205.2000000018,63291.7300000022,36398.4747256078,119415.760000001,17848.6367669995,8847.46278915008,170342.387478259,48838.9549999997,139579.025625003,112360.74,88255.0449999994,16852.3643609179
"S1074",112803.655119648,27537.9933502501,112777.03,26116.7200000009,42809.0099999994,18956.3314681557,111938.16279758,36922.6872215047,57780.1542279782,22085.3745549314,11750.4070005177,21965.0613888404
"S1075",140715.409999998,57916.1363062762,344098.419499998,214102.572642858,217201.655000002,121697.199000002,115481.350000004,137472.73,18185.8175791447,98144.7818333346,525659.626038466,213811.864999995
"S1076",18411.1840284713,72573.1331321135,107848.845,126552.160000001,54559.0299999999,34361.2320650461,51371.1250000001,21130.4641189844,121330.314097124,97253.9550004132,86351.1253605454,28188.7799999993
"S1077",60448.125000001,29882.8529999995,40724.4300000001,96647.6884166666,18354.2596640782,63243.2149999996,19569.7310795873,18913.1824314986,10743.6076281782,28022.8138924804,0,70657.5524166666
"S1078",6305.96686202027,23080.6199999995,41419.289999999,64823.8649999999,227992.87065,0,0,3106.33182433374,78042.9328333344,21370.4099101852,0,43739.2896000004
"S1079",71681.5532142861,55986.3099999996,41952.733509792,93488.027111113,49655.8849999997,56498.3020586764,50016.9786666677,36887.0499999999,74443.9199999983,69090.0077142868,25502.0174615015,64867.6850000004
"S1080",59024.2560000005,0,0,45763.7300000016,32706.0445268405,11296.996227047,61180.5450000021,25651.7883412636,66350.2564677654,88192.0167272724,34450.3449999992,10460.4824624431
"S1081",231907.960000008,173408.570666669,160317.034999999,4291.2299999999,4802.98500000017,7452.52999999983,261768.159999994,301346.282461539,29902.4549999996,5632.4350000002,2840.4750000001,10372.8199999998
"S1082",50810.5632852235,68628.3775714289,48261.5033324597,113399.736272728,65705.7393994,28963.500166667,83866.0977544152,120706.15845,38067.7005000005,44608.1646193969,27908.645000001,71842.8524541048
"S1083",7828.83580239664,14727.8077166986,32851.4208749994,6408.61798714417,34481.6449999998,29830.4178333337,7972.70461146333,22244.3448876285,4366.29183643113,23458.4165000003,21437.6634620313,38074.8849999995
"S1084",380143.428797358,192997.495082753,306668.145777774,106920.678043554,38132.3824725701,94910.9899999999,448146.353167167,351002.008406638,311988.767999996,122710.084999998,400513.06278261,69602.317382118
"S1085",293349.788470586,253874.01375,48367.8899999989,21981.9900000008,27335.1594748705,36457.2357282375,303111.525894736,158628.06530155,113983.83525,42169.5205577402,60347.2956256772,35872.4916110726
"S1086",124400.284999999,70032.1849999995,68907.5328000006,39213.6393811719,17346.0252118536,7306.11591210422,165381.375000006,66163.5642753441,93151.8182224248,140145.266635133,5803.34193327099,10790.4696672324
"S1087",48598.3520878631,66903.7499999995,78011.8299000017,41605.5250000002,16778.7150686657,46286.3195088284,38964.4426491945,67266.8300000002,139745.92252174,41765.5652877683,36906.3648200473,23890.3105000003
"S1088",39538.7212450595,121996.090124998,219449.036400001,76568.038220399,49716.9199999988,72655.3639038696,56399.6936299837,175910.695000006,140223.999999999,108612.703695285,44519.5550000016,41985.7202879808
"S1089",2175176.87172414,1551870.7877647,2063322.28859259,1395243.65011765,347123.042949009,309597.690000001,686082.940416666,1573801.56,1613560.89347368,886418.675999994,520236.961470031,340686.1558978
"S1090",29572.2399999998,56875.2300000003,0,51300.7000000018,26580.8324007703,13582.8961759302,0,9995.20658092548,101978.610285716,8488.38992322957,26357.6518924439,34505.4723154135
"S1091",91685.9078154106,105459.860496737,73432.2237943103,81254.7863064626,50145.926965295,78351.5034271046,64122.7450000022,96823.9262783874,21688.362190546,47492.7143511832,146796.483722222,125203.130000001
"S1092",66012.5829234174,272004.916750002,146189.78,59970.7999999986,39481.2312592767,42235.2015957872,182026.715000002,150471.620000005,211084.069999999,125559.950000004,99596.6000000003,98311.7349999987
"S1093",22345.0700000008,67780.2222857126,41874.7049999997,25761.8511666658,16024.1150623416,7307.84997686574,14414.1468014952,0,198207.250000001,62617.2150000002,34067.7606051721,19647.4359733602
"S1094",572784.083723582,26760.9890034287,677194.249734517,724702.30487658,86561.0062244689,45857.9714938004,350445.118328711,27428.1899999998,954722.429818184,866704.216000019,66608.460339968,15762.6823327586
"S1095",65493.6850000004,64183.7544533879,116129.017,39456.307999999,47741.8900000001,75362.4945333338,88981.2049999999,53192.5158999996,24127.6049999997,38257.9900000001,47665.2890999997,66927.2249999993
"S1096",0,23902.4495855862,4205.79015554966,20267.5112191407,10239.3282394735,51483.8050000001,2310.01493279891,73246.6950000026,7938.63081061861,8469.27072933593,72295.1750000006,24968.0100000009
"S1097",72450.5961818179,126790.039999999,130845.178909094,77685.2170909088,267938.954999995,241421.259083333,0,247767.67,145012.30090909,205077.3078,195715.770000002,173807.335000001
"S1098",32658.5685714291,6608.0974550492,0,4528.09035620933,14068.1819770117,6611.52999898042,42337.2555,9613.00999395711,29384.4399999993,0,47504.0100000001,0
"S1099",43384.7159105087,94350.9195079381,127389.106868611,70438.1613143103,40683.162221917,11923.7645549834,82976.4774361373,41992.0800000001,271880.360470586,66547.9330535121,45343.6296653049,35689.8249999995
"S1100",11711.337589549,98825.9431521536,108469.637714287,162741.188136362,120837.524571427,41858.7689078368,30598.5959816961,41710.9594247038,54562.298681087,89002.7174869169,57775.1425428771,35112.3399999995
"S1101",0,41439.6350000014,50060.3512499991,0,8191.21000000029,0,30336.3205714291,43200.2599999997,56729.6849999987,4441.46999999997,0,25008.6999999997
"S1102",0,70891.3699999999,0,45978.1349999994,0,45366.2199999994,0,0,17043.3509869137,25872.4032000002,56513.7149999992,30199.805000001
"S1103",1323225.40654546,17306.4923514744,1053382.88488888,824003.800000005,67410.386727261,30113.7634539384,549361.787695071,32857.9679535326,860273.415820386,864707.523555545,177995.563505133,22500.6622813092
"S1104",531221.937714836,191350.268113755,68134.1514520651,29481.0293086812,19730.3297908658,119927.161681818,213473.824999999,54821.0127857145,155388.028722224,19099.7861954737,91955.829366679,1398815.841
"S1105",636429.160000004,5644.65908820655,796659.798466533,977167.297754513,47310.4901822485,29981.525668311,450756.906781564,37862.9731111231,883962.079999991,1077258.36000001,112567.718250002,34107.6100000012
"S1106",40787.3808333339,44649.4499999997,34913.4573801066,12765.2004830512,23713.4738039284,64535.5984166667,2812.27992861872,11279.9426952238,0,7335.94562762987,5664.8284798534,1779.99515279696
"S1107",0,282689.080000003,4676.36986991557,11285.222506973,9458.08878277147,7322.164812761,57262.81742857,5367.52927961837,27668.2391428576,6184.69460103985,24855.3300000009,58723.9581694149
"S1108",83657.5893866106,100022.155780556,146056.7835,74599.1053210148,84877.6346369895,82744.9944831859,60216.5050000021,110206.097509588,55202.7119084765,68279.3849999993,134076.716181818,162619.576029651
"S1109",440265.800000001,19347.2108102642,409905.62713169,820110.079999981,64626.6749999996,58524.492445351,336881.915235391,42770.5024965386,434844.640000004,764621.914235779,66329.0888378423,52700.0327054079
"S1110",55098.9549999993,63848.3275168778,32999.5899999996,16573.3500000006,4665.04962089161,22046.9590918726,6869.96372667236,43392.0388162277,43257.9020504617,38226.6899999997,4314.63368525357,36607.7056999997
"S1111",69226.2100000004,29539.3588333323,48726.2749999989,52104.0779999991,19756.0935420353,25677.3068489844,99142.7500000001,40446.1927740788,69684.7549999995,37783.7949999995,25610.5883351555,29432.9501666671
"S1112",53657.5899999993,56690.5599999996,46916.8330000006,70257.5450000002,53390.405250001,41370.0018657309,6509.70490793985,16030.5924473352,11528.3834762641,36052.915715424,13794.7570948949,9079.27543398549
"S1113",741672.279999993,18837.313930099,477846.259739033,562939.929600005,186884.475,19714.3050000007,465372.105962544,22052.8371930688,385465.759999997,864537.102000016,62803.6678499861,29636.4049999996
"S1114",76787.936500001,6635.34214345812,40907.5350000014,34927.0338834122,29843.3905714278,25709.8276365098,97644.1044551646,22670.4783589122,86328.4740000014,61776.6503333333,29411.2834034656,40982.6549999999
"S1115",37893.3449999995,59218.0349999999,5797.39232730518,4265.08861604426,1783.23955056282,13439.9610075184,81780.6400000029,5054.41543854168,24315.4049999997,5847.94839261206,10884.9848519699,112222.165142859
"S1116",45804.4199999997,42752.7644444453,38653.9349999999,43995.2799999999,28771.799066332,12907.0196349443,54934.7376399008,39273.6750000001,6111.51158378514,25370.8992826721,32292.070260349,10604.036193385
"S1117",105784.927710192,118171.55225,50892.2350000001,44418.8165176302,26852.8612610066,33055.9300000001,94107.9970651771,187225.554559999,22127.5349999995,44240.676160303,49931.0724282276,45885.4897950413
"S1118",71615.964999999,90378.1212481169,50274.1485958833,44644.5946843738,38943.9543681665,42186.1399999997,159667.56,86294.2328888879,52065.9941282795,38943.1681573455,89486.9963076925,49210.4474260406
"S1119",266040.908749565,23141.6084699614,1209288.91022222,806438.321265198,50549.8990825153,42719.3698373563,480079.399999997,46627.7603999997,576498.922588867,801932.493285671,96341.5293750018,4606.98716628549
"S1120",613104.399999999,44186.2099999997,526536.641119129,431026.03999999,87437.8039499028,26502.8690453688,543284.692865523,38427.523081772,697464.159999987,730364.269763725,108418.24154598,17605.9715389622
"S1121",34656.3587017833,72053.3556508485,147545.12415804,136258.67581677,18496.8139824952,86838.4471942418,32181.7115167495,51885.6384000005,133566.489999998,178258.05822222,114296.265272727,51991.2797315723
"S1122",0,17240.5120353277,45194.0699999999,44848.8057142846,68471.8799999999,37104.5849999995,23036.5381564341,29578.878034623,41131.3299999994,61122.6400000021,83445.7999999989,101693.700000001
"S1123",18557.6048220857,137444.191111109,70487.5999999984,88765.2067986935,57674.4731382622,96191.4031026999,83099.4115678325,79578.0343333344,111317.596599999,91191.826321249,170748.934876737,128459.840615385
"S1124",349908.959999995,309619.600000011,562160.520000001,225463.29,75772.6050000026,240108.56,228790.480000008,483966.735810947,306386.509714291,404283.320000002,655771.95315,209024.177333336
"S1125",64108.8031111103,62748.6750000007,30625.4849999998,45231.1555695894,79196.8249999995,139831.184999999,22863.8187569388,77390.7135972342,52043.8792999996,6775.35032634189,65379.4400000002,113009.864122929
"S1126",143018.271221744,176316.029999999,31131.2679999992,13013.7458643589,165327.863384616,66526.5850000006,66395.224499999,23315.5522632987,29282.715000001,12446.9117241945,65528.1150000023,428238.549333339
"S1127",67939.7799999991,67957.0511428554,348960.459085714,40033.1311666672,23078.1619999992,28825.8555708886,60892.5849999989,51399.2767682702,213151.248000002,56729.6849999996,33789.4461666671,26445.3699999996
"S1128",376188.439999991,27764.2270334779,128000.202970515,505372.590162414,38427.000349288,12898.0611387922,475133.999999999,26871.2799180492,648435.839999985,690853.599999995,133870.148181818,19736.7314603224
"S1129",6146.24725149355,0,0,11771.9480076734,0,7050.23787875222,20553.6480000002,15605.8189520338,4926.7708986864,26157.4099999994,4540.07915499009,104922.201000001
"S1130",24876.1555000003,64896.3869076158,64996.2673557877,154541.691514959,175362.945000001,176163.922799999,130916.896138874,115021.74892835,93606.3280490101,78678.4772999994,324500.458714287,547296.309999998
"S1131",0,207509.609999999,53665.4150000001,26448.8129999991,0,0,0,0,0,2802.33258423587,0,0
"S1132",41086.8370014269,210794.05702113,40381.6949999997,46510.3928999997,27626.9568068638,0,41645.0316255491,48019.3079773035,35071.6499999995,9404.0911033483,64776.9150000023,23066.5349999995
"S1133",552770.520000003,12672.7139739584,190200.481250839,639133.479999999,86800.4717231708,23251.2153351851,320079.634504011,3713.21872300449,391464.662857149,574642.96000002,60119.3318333341,26101.1017584041
"S1134",0,594837.719999998,0,0,6585.52000000002,20437.335,1355.28999999996,94213.7869090906,46397.5550000003,28999.4500000001,85373.8009411759,55672.9225714295
"S1135",403857.639999999,55988.2529230771,390350.705509544,649875.640000023,95606.6717759204,13212.2253179597,415654.267061332,59764.6230082351,273596.341131741,416264.538968465,87581.8913052759,27029.9524668561
"S1136",313760.992736841,294299.707764709,57857.4402352937,39595.6205815073,65321.6839015678,41097.7022939757,596152.615473692,39469.2999999999,82554.1829466676,63157.1400000004,268627.623954108,135980.531088386
"S1137",243977.239999997,476201.948444454,230405.559999998,107769.029999999,205964.955,80843.2049999981,257338.078707973,207651.088124996,104920.259826223,190145.935000001,140295.132500002,85229.1622902731
"S1138",0,8388.76812122009,0,4327.80714484102,21745.6749999995,21501.5350000007,55737.4749999992,89797.0917999994,0,0,0,29551.8949999998
"S1139",209163.814999999,126095.679818181,57293.0849999992,3483.40273516627,13858.9638734495,29328.0999999998,0,42226.1051428578,38070.1900000013,16492.5275074817,0,19118.3349836878
"S1140",51133.2449999997,57215.8738000012,35109.2099999995,41363.143111112,59891.3813571419,23568.6239161884,0,77960.4750000005,14865.0571100702,9395.48345827484,15816.4892965868,34366.5248888885
"S1141",80576.2722474188,76186.2399476054,58924.7182558099,49285.1757142865,69034.7246975725,74777.273493452,53288.2499999988,79953.8763625295,73105.844999999,48502.0587628227,131955.476107009,384147.39062069
"S1142",34959.5466280293,158657.338793941,120929.115,184797.401904762,69743.3860131498,49179.7052588725,21482.5301447602,110255.236321456,63014.7249999996,122966.712199999,67507.8399999995,51126.489868322
"S1143",354503.942712568,38044.692391762,447750.886767154,713176.202666658,52252.9380641613,15625.1710243523,376907.975101523,13957.4920541757,362817.079999998,698560.200000013,75603.5849999999,10811.5467193623
"S1144",17367.3920388567,346315.72,37699.2850000001,4735.9254512941,4714.83326984661,3680.92415423167,208658.319999999,69167.1981666676,62296.3899999992,34455.04,28231.4077532279,14202.5392966276
"S1145",0,107312.801407879,69234.1927066983,30919.7049999996,71663.6715432106,60579.5849999999,60955.7391296011,161654.056853445,72919.6099999999,57548.1799999996,191933.479857143,52217.7899999999
"S1146",307979.480000011,45325.2313688941,394492.12550679,921572.160000008,55117.1384817244,24562.6750000009,246518.666506192,30862.34094738,544618.269538463,621564.496535436,95015.4894756297,49864.8673440655
"S1147",621165.353328636,41030.0914076284,554434.62771347,822113.280000005,103405.049130988,14528.9015916192,317343.195332976,28921.7452847537,278790.706666657,583431.999999996,122182.433666667,0
"S1148",425958.975000008,12440.8075550966,306718.991204343,1581319.70713044,57142.742135197,19665.7900000007,401251.465361653,24351.0468427108,107595.315000004,535730.800000019,77170.8860714404,10663.1348767422
"S1149",553049.328091369,1050068.3875862,553983.180187495,263734.704237638,601589.129999999,1032306.61636363,8942.7316274863,40364.4800000001,17787.3275013135,8440.92079240764,29538.2434285719,8486.8473522287
"S1150",217215.87750691,224424.13,126590.201999998,26805.6770277169,159549.379499999,138182.818666669,0,14725.1904936828,1980.40322416719,5002.70320481657,16492.0793836722,6654.1227512524
"S1151",56363.2547212396,39550.6799999999,26129.5989284788,3197.78169101337,104745.2334,51531.5265000007,14628.608017983,8741.87409193031,0,5711.25416775845,9476.58528691719,10672.6238655346
"S1152",117622.270000004,81662.0699999979,62233.9571172123,78347.5573758224,0,54282.5035000007,139457.946666669,93552.5700000002,61005.8664660298,29437.992754214,16455.5758705464,162188.557562501
"S1153",46508.9856000004,28456.3964102662,35112.6632203747,15086.4778946652,57940.4224999996,35996.4088571434,40403.1360000004,47117.4258408943,43807.141909246,8396.11063853967,63331.0464924788,14047.7160043762
"S1154",71357.4000568826,66966.677959452,54293.8656000005,43897.0892997487,31382.6740331965,44821.8118963994,69793.1315000009,101958.185,102935.025272727,36219.2254143324,72767.8050000006,35049.927410532
"S1155",622912.315764712,68971.1149999984,361823.904937501,130724.45,289298.780884095,267590.710781111,320544.865000001,744988.728500007,146496.519999999,151237.183428574,105077.229999998,133446.486793038
"S1156",26501.0542639026,51950.1749999997,56521.720124999,40871.8818333339,30592.6199999996,35412.8199999998,48656.1031428579,61621.8750000002,87326.8475294112,65230.2495000012,36796.28,89877.9500000002
"S1157",83832.508944444,47630.3050392964,48371.7723076924,35362.6417142863,85631.8254545452,150777.326206079,26102.636788411,15789.1004143265,22856.5634758439,45282.4374857266,91785.7281052629,66046.129999998
"S1158",0,14775.4442659479,27077.6299999994,3055.55844371854,3733.65025579661,12131.8200200768,65103.6631666667,63296.4249999999,0,22864.6500000008,7386.19690776139,18207.4253873168
"S1159",1782.12625835838,0,68061.7124444436,35480.1149999992,0,93762.6953571414,0,0,0,0,43998.65476019,0
"S1160",19124.0006009189,59580.3708571414,77309.4349999999,0,54477.6500000007,39017.6517000009,6157.05727683468,51458.7649999993,75536.2899999999,29272.7136000003,72587.3920000002,49346.0150000003
"S1161",17750.3095792235,53819.2080778583,73290.7493351762,74022.6020685199,90495.3824153315,48825.9936590797,45930.3613183264,34932.365,50467.431527069,64893.1418160257,177596.199999998,239709.485000003
"S1162",195321.943916667,50067.633288744,119129.365000002,107667.304999999,36143.869216813,0,98844.2623333346,29775.7176780294,0,93544.4328496577,24364.3522349318,9584.94845911771
"S1163",0,8320.83991287757,8451.32797153545,0,0,6150.51462893747,1662.56881028609,19698.6550000007,45671.3950000001,0,38897.5686666667,0
"S1164",243682.852499996,102211.715,97141.1804999983,94768.6116923079,75910.3249999995,48610.143555555,199825.356888893,84981.0649999999,174522.342700004,87187.7844444462,98214.7049999999,73777.2299999983
"S1165",402922.650759478,845758.575555565,253792.036649081,142342.535428568,179190.934999999,130070.511500002,255796.120000009,421733.855331609,41336.2125069064,25322.4759794532,71582.050390755,216024.774999997
"S1166",757604.501793104,483650.564571431,586190.63022222,369833.854687503,720144.60645,197301.191111109,281161.64,368801.639999993,280097.44,170791.579999999,517873.286535714,250470.424999997
"S1167",54663.8849999996,0,55000.359999999,47046.4019999992,0,3261.36859078742,65942.8399999996,0,3653.8350874995,47006.8341828217,9862.51777906817,3159.97412893849
"S1168",33542.6450000012,0,0,15283.7899999999,72824.1449999995,46322.4349999997,96997.1349999994,10780.3008571426,123070.035000001,49917.2399999997,362856.650823527,99456.0605714261
"S1169",51997.8816428574,39228.2899999997,52790.3695789472,37419.2518587594,61911.3999999992,9043.79808875107,21190.8125199528,22650.2450000008,23150.4816632386,32876.6531179555,14040.8111137312,36925.4397513406
"S1170",2286445.26494118,437003.953686557,380706.168888897,367739.705821572,489519.368752013,438973.725714275,496856.81723077,356875.16365363,240197.931624137,384192.734066952,296101.106429513,408490.039999997
"S1171",22467.9548545353,28196.7318333337,35571.1111105682,15651.2611126486,40353.6574444443,46594.7450000003,4562.51757250036,10851.5842249695,4936.79728815531,9362.92649775725,31340.6899999996,13663.1025020591
"S1172",114364.58622865,87669.7350000007,76854.3557503237,62240.325777777,54869.2965514208,120746.644105263,63977.1999999999,86478.211875136,15989.1670680231,55461.4156468291,39554.0700973438,95123.6334427811
"S1173",822542.712782602,814022.82705,649786.706888887,259332.55935,179871.710000002,112520.37,874583.710560001,967568.353708338,132638.444999995,124397.155000004,332995.262476191,171912.098357144
"S1174",35506.8580019115,39483.3850000001,51269.1919444419,32989.5561200755,56817.2639855108,59100.3616089169,45821.6349999999,94330.7651363639,43422.8210758343,18372.5853571717,97680.0459899862,50079.9999999999
"S1175",240852.457086713,69231.7462931451,77051.1220967408,39225.1953102481,44694.8349999999,65189.4223379473,83095.2400000029,55441.5992727285,27592.4516395819,32183.4055136136,49602.9785384796,93048.9386666668
"S1176",8743.65499999994,577066.150666667,198219.586499996,56348.0835000007,21998.7617142852,34558.3299999995,15188.3249999998,57221.0949999996,350971.225500002,86070.5278333345,15014.5758333335,19526.5049999999
"S1177",13147.592370495,14392.5455825958,103385.467857973,58328.2289557478,0,0,46230.2427182319,18863.222221167,89032.8499999979,39246.7136364345,51439.9850000018,42243.8006250008
"S1178",481886.354083333,509075.733687504,376487.2131579,105056.884999999,59434.0049999999,140648.115000002,268012.13466667,530727.494999995,255019.879999997,363911.162266669,121954.19,48716.8849999997
"S1179",108495.147272727,81112.3850000007,73104.7004999987,68849.5870588242,57456.5273333337,52628.4285777208,53717.0599999987,69855.222857144,57593.5650000001,36782.7381427389,44683.3839601984,18623.1437140664
"S1180",0,62582.7849999999,0,0,78576.541000001,86699.4350000011,41337.9099999994,78830.5781249986,0,233660.76,52241.2649999999,62989.1558181816
"S1181",37608.6408749993,139213.010000001,52868.2562983268,32147.0673579447,36065.4249999999,51880.3008749991,150102.123670588,27420.365000001,127395.695,98327.3850000012,51416.5099999993,281725.039999996
"S1182",31771.0649999993,52448.1243578781,228402.360000008,28460.3474793855,14830.8789157332,31987.035,13140.6267222774,248709.694308493,384833.475524443,39803.210186798,15102.8825280965,8308.9891379135
"S1183",33230.6864949519,31135.9286196868,139953.627333333,41981.1249999997,20307.4399999995,28929.0738333337,123526.069333332,149649.995000002,76643.3586666667,35379.9549999995,39880.8950000014,19924.0149999995
"S1184",192289.645714289,270160.703724757,184064.756571424,90578.8126666635,56078.6449999987,266445.662476191,463418.393904762,232045.679999997,193569.698857138,213571.340888893,100026.960981527,77501.6558757626
"S1185",31227.271627231,41619.1845740418,24227.5864072303,32176.3999999996,109275.448615382,29853.2031952781,14896.3010540187,175502.230000002,48195.3018333316,7463.87844968342,13111.7640115742,14435.5599999998
"S1186",178506.663847025,1662435.93877358,910495.888249994,396400.540987934,443617.248163018,293399.990666671,172977.885000001,310650.663092508,166219.302917935,251451.68,272365.781333339,339926.219598949
"S1187",29565.7939332629,30054.9422998734,54663.8850000003,51741.8535999996,61843.8358308573,47397.5899999989,8851.24876188091,64720.5749999996,46495.7863710074,27160.8121666657,40666.5249999997,178679.430736842
"S1188",176521.045000002,61534.2349999996,22382.6299999995,34041.8799999992,21332.3279129229,44168.0928571417,66128.9136321485,32597.3849999998,81963.3833333323,16707.1983721226,30401.4007522523,477736.594999995
"S1189",49638.4753468469,53144.2804434552,69072.8399999999,31659.9499999993,33561.3844847615,15851.5100986739,19589.3924658191,146815.793000002,44008.4663542017,48248.9500000017,43536.7350000015,68303.6639999988
"S1190",57649.9049999999,57837.7800000011,25657.6144634846,5774.99197985572,21026.9854285718,12494.3762244796,21103.607267974,42280.0170861604,5970.10151989755,6752.77697000906,5803.29929288904,20557.739465509
"S1191",101174.273714287,70276.3249999984,95302.2400000033,129429.334285716,39244.7897825202,31898.9571547406,80932.4099999989,0,62599.6946249989,67175.6555356041,28403.4749728469,0
"S1192",310800.447529415,72900.8300000002,195981.444806382,136428.293253939,39565.7799449288,82671.1250000009,234560.344210186,149160.149999999,170791.609500001,135523.871382949,65386.3706658339,32167.0410384841
"S1193",72206.5366666663,59946.1986666679,82359.6900000014,39788.6541568669,46883.0489864005,39328.5946876337,85440.9097326164,37813.9751111119,21132.077608366,20162.8769150296,42071.2609602875,36604.2809803452
"S1194",10309.5148952689,39178.0480829996,29166.905000001,68612.2063333333,21596.0338203274,0,19673.3881756255,184002.01090909,35029.3949999998,26792.5580422171,0,64526.5149999999
"S1195",12673.647828567,0,0,36259.4849999998,0,0,58387.0200000005,2951.46993521,57122.4999999992,34440.6962863368,52366.9769999991,20792.7540805816
"S1196",121697.3095,87563.7058461541,32664.68,74666.2980000006,0,56865.2675294123,69553.2950000002,45707.3899999999,145355.260500001,25764.7166152959,34516.0750000002,600589.994823535
"S1197",21163.4950000001,94185.1316249983,81312.7049999976,40123.4699999999,8470.74355555573,40215.8049999999,23808.3450000001,140837.142857145,139870.53615,28148.090000001,69794.8115294125,54667.0150000001
"S1198",0,124104.499999998,110712.794999999,96310.0999999994,41223.6650000014,81960.6149999995,37420.7149999997,63874.9318333342,137577.584999999,183512.913857144,92391.3400000032,152750.400285717
"S1199",21267.6157924163,35151.4649999992,20794.1550000007,73774.8664166666,51029.9549999997,93724.7199999999,8547.52618333579,78293.8259999986,63584.3850000002,67131.0732790078,46873.3221717884,42157.9700000015
"S1200",534646.255,147389.397818181,131913.850000005,150388.674999999,57989.2712727271,39209.5100000003,33869.7299999995,8161.00090909088,11286.7799999998,11062.9850000001,4591.44327272726,9500.56309090906
"S1201",8291.91822422859,62652.7970000008,57847.5264000005,25683.6816252337,94491.5699999999,43554.3139056048,0,48022.0249999989,23109.346505384,28035.3758776641,67186.2456517716,33655.5903951094
"S1202",146709.359999998,326197.959111107,145196.005,96975.1114002182,180618.70425,60341.7050000021,186114.495,244846.601999996,278317.544722221,104097.147999999,71376.5199999995,116307.173454545
"S1203",44674.4899999997,47454.8343750009,36517.7099999995,10917.0577762259,29648.925000001,34223.7713816994,15771.1658888267,77293.5407999994,31174.8429773255,32038.6799999998,14312.3935429804,39164.7528253311
"S1204",198308.974999999,430707.805411762,164688.079999998,125028.618500002,173552.599850763,392635.526166664,0,395054.514999999,190864.060857138,99582.5149999993,154258.121101272,165456.179742716
"S1205",63143.6631875005,40600.198,30081.3044337409,80127.5747000017,35680.2889756316,23169.7246191543,33149.8299999998,16818.0712064668,199374.029405239,179152.794902776,85950.9097777637,32572.1120996706
"S1206",207713.871699999,257230.439142858,2921.87536618751,5831.66109857676,53432.5146666667,10437.1085799209,565396.704842104,72598.7850000008,34218.7250000012,40382.7034285721,82749.3749999989,1334.41656667448
"S1207",150279.667115882,147872.155,0,0,30208.2496573056,118933.368399999,99934.2268286849,343598.879999999,0,0,37348.7250000013,36293.9149999992
"S1208",10997.0298709392,47871.2088133062,9428.8572894277,0,24565.7952000002,0,25013.3950000009,14154.7527223564,22051.1887716273,38128.6962280719,47521.2249999997,60378.448000001
"S1209",439261.445369085,300766.185557365,395480.769717943,242727.076815905,171954.560736073,250369.909999633,345567.460417414,205722.377919147,449930.142545453,291177.640000001,295021.280000002,231001.188393542
"S1210",0,19656.0101665332,0,0,0,48945.3750000003,176804.31,534259.84545,52453.6608000005,23180.0659556658,17885.569995758,0
"S1211",8104.67847441509,2876.51187233689,7350.20819207954,0,16592.240893368,26940.170666667,22424.8849999995,32933.86,33847.82,6765.16975375225,68107.2350000002,6961.88575409896
"S1212",187170.869999999,283891.2361314,221866.919999998,314747.43885,75186.7871123958,33280.4491512966,284211.825000002,80299.5475479322,94254.5595750126,191008.25,153328.824159717,107683.171478503
"S1213",48006.3750000017,25149.296349553,102930.05,143231.650582794,201782.806874996,148535.695565252,69103.155621492,90921.7596620333,96554.2400000006,88517.9649999999,147485.599999997,87699.4699999994
"S1214",495674.962961537,621138.313230764,274576.12,347442.890666674,727079.641666662,751177.565478264,356854.526476191,400099.340815198,417895.720526315,504894.488797864,369169.415000005,1014310.29377778
"S1215",138760.981630305,133810.368028748,35277.1910587663,25142.9006600413,39134.900262046,41116.2037285151,217966.438951015,36811.9300000013,81177.7868000006,58942.3751083557,293807.514642859,155324.797875003
"S1216",52044.791833334,55435.4299999979,33215.5599999992,31345.3849999993,30378.2149999989,37807.2699999991,14539.657,58335.3749999978,86689.2003999994,0,30453.3349999993,6903.21500000024
"S1217",15539.2087499997,253303.075,55415.0849999999,43644.7199999999,7638.76499999999,12504.35,0,212652.200000001,12390.6802499998,32634.9449999998,50898.4949999999,57261.5885454544
"S1218",32508.1800000001,14727.9437642669,7984.06584638028,0,25805.6665000003,36617.8699999999,24589.2799999997,29711.5804116005,0,7627.80851089778,30547.5762857148,36217.2299999999
"S1219",39115.6154999993,16654.7299999996,22547.2032000002,31220.1849999993,66478.0448888902,36574.0704000003,23246.6688000002,0,40687.2315000005,16463.7999999996,56775.0699999987,65664.2700000023
"S1220",0,6469.71000000023,29178.3262857148,19983.4850000007,27290.4699999994,0,0,0,0,0,0,0
"S1221",23137.3511213216,8049.09062383051,68808.3549999995,48252.0799999999,50051.8299999997,26317.0399999996,13412.1865000002,57848.4294545453,38397.2749999999,67223.0100000002,77558.2700000007,37215.7000000001
"S1222",88231.5699999994,22765.4593151525,121944.800000004,85161.0399999988,302146.921142857,89477.9876250017,35254.9226421342,91026.3550000012,20273.4884231252,449496.666360001,192410.267454545,60769.6622857153
"S1223",20302.7449999995,9987.80023196768,36663.2550000001,70637.3533181811,39214.8604975535,30197.6813277118,27217.3228286565,22248.9966188967,72455.7302857134,34849.7215940004,9957.45916763914,5265.22106268842
"S1224",144911.174999998,108074.204999999,99163.8791111131,54829.4645714295,126279.3855,81665.199714287,158567.364999999,173084.305,81635.0949999994,34283.2815000006,68839.6305714297,67528.1849999995
"S1225",50470.8900723123,60934.8400000021,52223.6250567057,34222.9127993063,31268.6999999996,35163.985,55186.0269545628,69931.7415897573,37667.2900346154,34686.66,23041.4950000008,40551.0663963775
"S1226",29783.5149999998,50892.2350000018,30442.3799999998,20712.6855000004,22351.3300000017,70217.1806874993,42806.5232727271,25723.9049999994,19114.9100000007,0,8531.69850000016,32274.9950000011
"S1227",104119.555818182,141202.124999997,120779.989733334,22769.7799999993,36877.6540000002,49181.2908124995,56361.2240625015,127613.23,34239.0742857134,26876.2366249997,51073.3002500014,126545.900000002
"S1228",119514.276874999,363513.901636365,163806.985000006,47043.6967058828,66181.2068750018,87772.4158666673,178792.96447059,379233.929999994,174760.648159999,62325.3472941183,31890.371294118,83339.3800000002
"S1229",9040.87097320344,0,4642.01797677712,0,0,0,35001.8453453981,16308.2736163573,43974.0505714293,31094.9849999998,24995.5543732622,69700.4049999995
"S1230",92763.8100000032,406929.735000002,216361.300855395,341256.480388887,231951.568814434,160964.857846154,341144.694313333,92187.8899999987,171501.937392368,55524.6349999996,553905.774724136,336559.654850226
"S1231",0,28780.1831689138,5027.75009831197,1189.59578001601,1258.43976951588,7667.13378197187,9220.95803708157,21465.5400000008,0,0,36982.5150000001,76670.9150000002
"S1232",3691.24907676701,39986.8992000003,903.692840148209,9635.47038218044,39187.5999999991,50214.5899999999,1982.84298154349,4883.38247581948,3086.80031095803,0,43093.0272000004,0
"S1233",27819.4399999994,65805.1841583727,47832.6600000001,32153.2435767529,27600.7765153624,14033.0178781952,34937.0599999998,20466.019199999,49399.2193568147,77073.1199999999,44789.8975610824,61617.1800000002
"S1234",16374.511739872,25251.2961929088,10194.2319291611,6148.65638898344,30922.8350000001,8273.40989216563,29711.525000001,23190.1700000001,20451.3570231861,2345.73442598836,38409.6043261917,119946.103874998
"S1235",15604.572324272,82664.3630236303,104502.724857145,51892.2699999993,66124.2355901813,60784.6000000021,0,212361.110000002,75672.6598442672,75480.431338706,74217.7676982495,65723.9253011762
"S1236",45777.4133121666,97969.8688888909,19736.2053973355,10979.0423010306,24214.4078988643,22361.4923273748,28691.1449999996,30797.6349999993,24440.2794157241,25049.7199859599,22631.3637350168,30054.260000001
"S1237",132266.712163968,2294.85832772519,87764.7381669704,128597.982044758,20654.2420080238,3548.12384367659,144766.137656729,1669.8946179145,154185.365,266419.530299998,16019.3399999994,3338.29289627122
"S1238",43546.1341586045,45396.3164176016,95020.7412145626,51815.9000712463,35723.299672844,12228.5663847096,0,199323.095,148899.286857139,96221.5008571404,48381.9749999993,51048.7349999997
"S1239",31077.5313055198,25129.2362407924,57393.6604249783,31555.7043750006,50925.0999999999,96987.4319444456,25808.7353599323,42349.6825244552,39779.7391629609,69323.7642352948,29713.4911954953,50884.4099999999
"S1240",20688.7691591138,35740.3846374178,0,5961.34243221424,2292.62824666382,3697.92778099258,35972.537006048,57637.1667272725,26444.1185000003,26405.674220963,151670.777894819,140139.489999999
"S1241",43082.8850000015,56649.4435914793,46039.1700000016,54568.4200000003,7995.523079924,15185.6036340715,56927.9379999986,81300.587999998,47561.2458750009,15642.9640336629,15801.3533443374,8510.56668122682
"S1242",105823.734999999,109027.289999999,73612.9049999995,44938.9750000016,30621.4740000006,28717.7499999998,109449.84,109315.04565958,104632.77,55037.9199999999,79063.7999999995,47719.9799999999
"S1243",0,16285.3900000006,0,75140.3450000026,48221.0728571436,42164.2300000002,0,66000.7449999996,0,17931.7700000006,0,0
"S1244",0,0,56654.6479338646,40154.2963199799,26648.8200000009,37488.0100000013,91862.3699999988,35469.0520000006,81243.8449999989,105056.884999999,27426.6249999994,0
"S1245",230310.537857144,132206.504999999,72083.5794285726,52219.878750001,47377.2449999999,28647.8087616344,139816.855999996,133242.846750002,65995.8940850404,50131.6449999997,0,41447.6471111106
"S1246",16160.8372459277,25880.4050000009,29045.3694785628,22805.1800000008,0,73304.5999999987,62754.9349999996,0,67617.8195000006,38641.6084226985,45207.6738750008,53825.15099923
"S1247",111999.225,125965.35323077,30467.4200000011,26739.9558917437,41050.2728333339,62395.2067524274,183732.565000001,65988.8419643156,105848.770157672,11655.2941452801,102975.837549795,175546.07811111
"S1248",114335.77,67963.2549999999,45129.7933333317,23592.3749999998,30786.6800000011,93755.4056250008,38937.1999999997,78426.8450000002,52180.2299999996,37026.5073750007,82529.0644210524,26939.9099999994
"S1249",83153.1449999999,0,40325.0949371315,29120.7588750005,7516.98847193673,0,100507.429999999,21258.422112346,0,64129.1466666659,7842.44629919292,16593.4926666669
"S1250",41485.8085673411,0,30875.8849999993,38734.1297777786,25414.4581666658,74483.3201147447,9611.06222240325,28194.1620711039,67733.1999999988,42551.3338107489,28080.8544087044,42691.6349999997
"S1251",13467.6659471609,62389.4331999995,66894.3599999997,49791.6192666911,28556.5549999996,32419.5153749994,18734.4153029387,33406.9515000006,24368.6149999997,77695.1481600001,24825.595,6413.43439869212
"S1252",32994.8950000012,75015.4558084423,18968.3203545633,26741.1550000009,27885.4454057436,33821.5872000003,0,156616.101818181,28267.3826533831,25225.1058124699,22272.8617611712,149002.085
"S1253",81727.8430743193,108267.771142859,39793.6791044889,12598.6497635113,76126.2950000002,43273.8149999997,53208.6694000933,83395.7199999999,49210.4625518544,61265.1485844571,20374.1928430402,44600.0851835114
"S1254",0,0,3729.62178107948,0,6073.56646978587,36754.0250000001,32847.7850000011,0,36054.4699999998,6970.4197013866,0,31397.0299999998
"S1255",0,40362.9149999988,32980.8100000011,42137.637498652,297603.618200001,43405.2749999997,9668.90611696331,22556.3449999995,33940.1550000012,38646.1529999993,44333.3199999999,38046.7150000013
"S1256",78229.6550000027,7232.76971428553,126381.323999999,0,67703.4649999999,34880.7199999998,191859.609999998,4648.04999999999,14377.655,88107.9349999994,38404.1396666672,43168.9599999999
"S1257",187487.555047619,111278.094333333,187694.842666665,70544.8642463843,49801.4300000017,47563.4800000003,46809.1499999989,100052.015,141864.836958145,131074.151619048,92673.3779999993,70216.5644444459
"S1258",81436.8177777768,117882.437818667,85518.8187320947,35884.5113950266,56856.6506137584,24532.9344000002,72836.2757142869,186513.557263157,80785.1187669334,64464.46899727,77617.740000001,54631.7214090667
"S1259",30117.8960199881,23668.6436613866,28404.7499999996,30297.738917478,41336.3449999997,56460.690000001,36263.2968446176,29274.4419524314,29337.0525858723,12721.8263165906,17723.0875388511,62282.3049999996
"S1260",8731.71407986915,36874.7144999993,19603.1900000007,22557.0300394029,8258.86306083484,42183.0100000004,17742.4084886775,30397.9395253674,32309.897132185,39181.3400000001,12477.5802635683,1356.40716512005
"S1261",10020.3916632768,4119.34346421742,7429.57369824695,4476.66175697777,22615.6011672738,37780.7792996795,42363.6539999999,13089.3683999865,23116.0697142861,24419.1338658541,85807.3850000005,36038.231886241
